gtrieScanner Results
------------------------------------------
General Information

Start of Computation: 00h30m35s 08/04/2013
End of Computation: 00h30m37s 08/04/2013

Subgraph Size: 4
Graph File: "fve30-el.csv"
Directed: YES
Nr Nodes: 30
Nr Edges: 311

Method: GTRIE with file containing complete g-trie
Different Types of Subgraphs Found [Original Network]: 187
Subgraph Occurrences Found [Original Network]: 10487
Time for computing census on original network: 0.016049s
Average time for census on random network: 0.015525s

Number of random networks: 100
Random seed: 1365395435
Exchanges per edge: 3
Number of tries per exchange: 10
------------------------------------------
Motif Analysis Results

Graph   Org_Freq |  Z-score |    Rnd_Avg +/-    Rnd_Dev

0111
1010
1100
1000         799 |    38.65 |      56.11 +/-      19.22

0110
1001
1000
0100         735 |    37.15 |      48.06 +/-      18.49

0111
1011
1100
1100         281 |    24.78 |      21.61 +/-      10.47

0111
1011
1101
1110         112 |    23.89 |       4.90 +/-       4.48

0110
1001
1001
0110          52 |    14.57 |       4.08 +/-       3.29

0111
1000
1000
1000         300 |    13.63 |      46.71 +/-      18.58

0100
1000
1001
0010         457 |    12.76 |      92.32 +/-      28.58

0110
1001
1000
0000         552 |    11.26 |     168.68 +/-      34.03

0110
1011
1000
0100         254 |     8.95 |      82.42 +/-      19.16

0111
1011
1101
1100         158 |     8.55 |      40.61 +/-      13.73

0111
1010
1100
1100         251 |     8.16 |      78.38 +/-      21.16

0110
1001
1100
0100         240 |     7.77 |      81.96 +/-      20.35

0111
1010
1100
0000         226 |     7.64 |      69.74 +/-      20.45

0111
1011
1100
1000         222 |     7.00 |      78.20 +/-      20.55

0110
1010
1100
1000         211 |     6.67 |      73.76 +/-      20.59

0110
1010
0001
0010          99 |     6.45 |      34.63 +/-       9.98

0110
1000
1000
0100         374 |     5.85 |     170.45 +/-      34.79

0111
1010
1000
1000         336 |     5.85 |     141.12 +/-      33.31

0111
1011
1101
1000          67 |     4.90 |      31.98 +/-       7.14

0110
1001
1001
0100         129 |     4.60 |      46.12 +/-      18.01

0110
1011
1001
0110          53 |     3.94 |      21.84 +/-       7.90

0111
1011
1100
0000          88 |     3.89 |      43.75 +/-      11.36

0111
1010
1100
1110          63 |     3.58 |      32.37 +/-       8.56

0110
1011
1000
0110          76 |     2.40 |      46.26 +/-      12.41

0100
1000
1101
0010          54 |     2.07 |      33.46 +/-       9.91

0111
1001
1000
0000         171 |     2.05 |     127.53 +/-      21.18

0111
1011
1101
0000          17 |     1.83 |       9.61 +/-       4.04

0110
1001
1101
0100          62 |     1.31 |      47.70 +/-      10.93

0110
1001
1001
0000          47 |     1.12 |      34.75 +/-      10.93

0110
1000
1000
1000         190 |     1.03 |     156.88 +/-      32.22

0111
1011
0001
0010          12 |     0.91 |       8.35 +/-       4.01

0111
1000
1000
0000         168 |     0.63 |     149.71 +/-      29.03

0111
1000
1100
1100          47 |     0.60 |      41.01 +/-       9.90

0110
1010
1100
1100          48 |     0.52 |      41.62 +/-      12.17

0110
1000
0000
0010         211 |     0.22 |     205.20 +/-      26.08

0101
1000
1100
1000         127 |     0.03 |     126.41 +/-      21.74

0110
1001
0001
0010          25 |    -0.10 |      25.81 +/-       8.13

0111
1010
0000
1010          29 |    -0.17 |      30.46 +/-       8.40

0110
1000
0101
0010          61 |    -0.52 |      70.56 +/-      18.49

0110
1010
1100
1110           7 |    -0.60 |       9.96 +/-       4.90

0111
1010
0001
0010          36 |    -0.72 |      44.24 +/-      11.43

0111
1011
1000
1000          31 |    -1.09 |      41.60 +/-       9.71

0111
1010
1100
0100          56 |    -1.39 |      86.04 +/-      21.56

0111
1011
1100
1010          46 |    -1.45 |      64.62 +/-      12.83

0111
1001
1100
0100          47 |    -1.47 |      63.79 +/-      11.44

0110
1011
1001
0100          33 |    -1.49 |      48.78 +/-      10.57

0110
1000
0001
0110          12 |    -1.62 |      25.57 +/-       8.37

0111
1011
1001
0110          10 |    -1.78 |      24.15 +/-       7.97

0110
1001
1100
1100          16 |    -1.82 |      32.34 +/-       8.98

0111
1000
0101
0110           5 |    -1.88 |      17.83 +/-       6.83

0110
1000
0001
0000         154 |    -1.93 |     204.39 +/-      26.17

0110
1001
1100
0000          82 |    -1.95 |     122.49 +/-      20.81

0111
1010
1100
0110          12 |    -2.00 |      30.00 +/-       9.02

0111
1010
0001
1000          35 |    -2.09 |      62.03 +/-      12.91

0100
1000
1100
1100           6 |    -2.16 |      21.95 +/-       7.40

0111
1011
0000
0000           6 |    -2.16 |      21.09 +/-       6.98

0110
1010
0000
0010          36 |    -2.17 |      62.56 +/-      12.24

0110
1010
0001
1100           1 |    -2.24 |      24.11 +/-      10.33

0111
0011
0001
0000           1 |    -2.32 |      52.12 +/-      22.06

0110
1010
0001
1010          18 |    -2.34 |      47.88 +/-      12.79

0101
1000
1101
1000          11 |    -2.34 |      30.52 +/-       8.35

0110
1000
1000
0110          10 |    -2.34 |      33.85 +/-      10.20

0110
1000
1100
0100          78 |    -2.40 |     125.40 +/-      19.79

0110
1011
1000
0000          74 |    -2.40 |     119.03 +/-      18.77

0111
1011
1000
0100          10 |    -2.44 |      31.63 +/-       8.85

0111
1011
1001
0100          17 |    -2.52 |      44.61 +/-      10.97

0111
1001
1101
0100          19 |    -2.62 |      43.64 +/-       9.39

0111
1011
1100
0010           6 |    -2.66 |      29.91 +/-       8.97

0100
1000
1101
1100           3 |    -2.70 |      21.00 +/-       6.66

0111
1011
1001
0000          15 |    -2.78 |      48.91 +/-      12.22

0110
1001
1100
0110          16 |    -2.81 |      48.27 +/-      11.47

0111
1010
0001
0110           3 |    -2.93 |      36.13 +/-      11.31

0111
1000
0101
0100           2 |    -2.99 |      46.45 +/-      14.88

0100
1000
1000
1000          99 |    -3.04 |     192.17 +/-      30.62

0110
1010
0000
1110           1 |    -3.06 |      22.85 +/-       7.13

0110
1010
1000
1110          10 |    -3.07 |      47.24 +/-      12.14

0110
1001
0101
1000           2 |    -3.07 |      48.56 +/-      15.17

0110
1010
0001
0000          23 |    -3.08 |      61.87 +/-      12.63

0110
1000
0101
1100           2 |    -3.09 |      46.13 +/-      14.28

0111
1000
0100
1000          62 |    -3.10 |     125.08 +/-      20.34

0110
1001
1000
0010          20 |    -3.21 |      70.51 +/-      15.72

0000
1000
1000
1000          18 |    -3.23 |      92.53 +/-      23.11

0100
1000
1101
0000          16 |    -3.23 |      60.02 +/-      13.62

0111
1000
0101
1000           5 |    -3.27 |      30.97 +/-       7.95

0111
1001
1100
1000          30 |    -3.27 |      85.68 +/-      17.01

0100
0000
1100
1100           2 |    -3.28 |      46.02 +/-      13.44

0100
1000
1001
0000          99 |    -3.34 |     202.17 +/-      30.91

0111
1001
1100
0110           7 |    -3.35 |      45.23 +/-      11.41

0111
1000
0101
0010           7 |    -3.36 |      46.30 +/-      11.69

0111
1011
1001
1000          12 |    -3.38 |      59.19 +/-      13.97

0101
0001
1100
0000           2 |    -3.40 |      97.71 +/-      28.15

0101
1010
1001
0010           7 |    -3.41 |      47.58 +/-      11.91

0111
1010
0001
0100           1 |    -3.53 |      45.91 +/-      12.73

0111
1010
1000
0110           4 |    -3.54 |      48.45 +/-      12.56

0110
1000
0100
1110           1 |    -3.55 |      44.61 +/-      12.30

0101
1001
1100
0000           8 |    -3.55 |      46.07 +/-      10.72

0101
0000
1100
0100           2 |    -3.60 |      93.21 +/-      25.33

0110
0000
0000
0110           2 |    -3.60 |      36.01 +/-       9.44

0010
1001
0100
1000           2 |    -3.61 |      96.76 +/-      26.27

0111
1000
0100
0100           2 |    -3.62 |      47.16 +/-      12.46

0110
1001
0100
1000           1 |    -3.67 |      49.40 +/-      13.19

0100
1000
1000
0010          96 |    -3.69 |     205.50 +/-      29.70

0101
1010
1000
1010           3 |    -3.70 |      31.78 +/-       7.78

0110
1001
0000
0000          62 |    -3.72 |     138.82 +/-      20.66

0110
1000
1100
1100          32 |    -3.72 |      78.89 +/-      12.61

0111
0000
0100
0100           1 |    -3.73 |      45.15 +/-      11.83

0110
1001
1101
1100          10 |    -3.76 |      45.01 +/-       9.31

0100
1000
1100
0010           9 |    -3.83 |      62.33 +/-      13.93

0001
1000
1100
0100           6 |    -3.84 |      94.26 +/-      22.96

0110
1010
1000
1000          61 |    -3.92 |     168.27 +/-      27.37

0110
1011
1001
1000           2 |    -3.97 |      49.91 +/-      12.06

0110
1001
0001
0000          22 |    -3.98 |      93.19 +/-      17.90

0110
1011
1000
1010           6 |    -4.01 |      48.65 +/-      10.64

0111
1011
1000
0010           5 |    -4.09 |      47.31 +/-      10.35

0110
1011
1001
0000          17 |    -4.12 |      63.27 +/-      11.24

0111
0000
0000
0000           4 |    -4.13 |      83.80 +/-      19.30

0101
1000
1100
0100          12 |    -4.19 |      94.21 +/-      19.63

0111
1010
1000
0000          66 |    -4.24 |     163.58 +/-      23.02

0111
1001
1100
0010           2 |    -4.25 |      49.12 +/-      11.08

0110
1001
1100
1010           1 |    -4.26 |      48.43 +/-      11.14

0100
1000
1101
1000          11 |    -4.31 |      66.48 +/-      12.87

0110
1010
1000
0100          48 |    -4.36 |     126.59 +/-      18.01

0100
1001
1000
0000         125 |    -4.38 |     279.21 +/-      35.24

0111
1011
1000
0000          28 |    -4.41 |      80.32 +/-      11.86

0111
1000
0000
0000          52 |    -4.44 |     177.91 +/-      28.36

0111
1000
1100
0100          18 |    -4.48 |      80.58 +/-      13.97

0110
1011
1000
0010          11 |    -4.50 |      62.34 +/-      11.40

0100
1010
1000
1010           4 |    -4.52 |      68.53 +/-      14.27

0101
1000
1100
0010           2 |    -4.54 |      71.06 +/-      15.22

0110
0001
0001
0000           2 |    -4.56 |      75.06 +/-      16.03

0000
1010
1000
1000          31 |    -4.60 |     205.28 +/-      37.91

0110
1000
0100
1010           5 |    -4.60 |      70.83 +/-      14.32

0100
1000
1001
0100          10 |    -4.65 |      92.30 +/-      17.69

0101
1010
1001
1000           6 |    -4.66 |      63.98 +/-      12.44

0100
1000
1100
1000          73 |    -4.70 |     170.14 +/-      20.66

0110
0010
0000
1000           6 |    -4.72 |     211.87 +/-      43.59

0001
1010
1000
0000           9 |    -4.76 |     202.73 +/-      40.71

0111
1000
0100
0010           1 |    -4.77 |      70.64 +/-      14.58

0110
1000
0100
0010          26 |    -4.78 |     126.22 +/-      20.95

0100
1000
1000
0100          48 |    -4.81 |     139.10 +/-      18.93

0111
0010
0000
1000          22 |    -4.81 |     125.98 +/-      21.60

0110
1010
0000
1010           6 |    -4.84 |      67.51 +/-      12.72

0001
1010
1000
1000          34 |    -4.84 |     124.84 +/-      18.76

0111
1010
0001
0000           5 |    -4.85 |      69.40 +/-      13.27

0101
1010
1000
0010           4 |    -4.85 |      72.15 +/-      14.04

0110
1010
1000
1100          18 |    -4.86 |      82.32 +/-      13.25

0100
1000
1100
1010           2 |    -4.88 |      68.74 +/-      13.69

0110
1001
1000
1000          33 |    -4.92 |     130.54 +/-      19.81

0100
1001
1001
0000          14 |    -4.95 |      91.97 +/-      15.76

0001
1000
1000
0000          30 |    -4.96 |     277.28 +/-      49.83

0110
1000
0101
1000           3 |    -4.99 |      70.61 +/-      13.56

0110
1010
0001
1000           2 |    -4.99 |      70.11 +/-      13.65

0100
0010
1000
1000          12 |    -5.02 |     211.26 +/-      39.69

0101
0010
1000
0000           1 |    -5.04 |     205.02 +/-      40.48

0111
1001
0100
0000           1 |    -5.07 |      93.38 +/-      18.21

0101
1000
1100
0000          36 |    -5.10 |     168.21 +/-      25.95

0110
1001
1100
0010           3 |    -5.10 |      62.94 +/-      11.76

0101
1010
1001
0000           1 |    -5.13 |      74.42 +/-      14.32

0100
1010
1001
1000           3 |    -5.13 |      72.27 +/-      13.50

0111
1000
0101
0000           4 |    -5.14 |      71.17 +/-      13.07

0110
0001
0000
0010           2 |    -5.16 |     150.40 +/-      28.76

0110
1010
1000
0110           6 |    -5.25 |      61.88 +/-      10.65

0111
1010
0000
0010           8 |    -5.26 |      67.15 +/-      11.25

0110
1011
1000
1000          14 |    -5.35 |      82.73 +/-      12.85

0101
1000
1101
0000           3 |    -5.45 |      68.57 +/-      12.04

0011
1000
0000
0000          22 |    -5.46 |     271.85 +/-      45.73

0010
1010
0000
1000          13 |    -5.48 |     211.62 +/-      36.27

0101
1000
1000
0000         107 |    -5.54 |     385.35 +/-      50.27

0110
1001
1100
1000           9 |    -5.65 |      84.39 +/-      13.34

0111
0010
0000
0000           7 |    -5.66 |     196.32 +/-      33.44

0111
1001
1100
0000          12 |    -5.79 |      82.47 +/-      12.18

0100
1010
1000
1000          29 |    -5.79 |     176.30 +/-      25.45

0110
1010
0000
1000          44 |    -5.80 |     173.04 +/-      22.24

0100
1001
1000
0010           2 |    -5.84 |      93.88 +/-      15.74

0011
1010
0000
1000          15 |    -5.94 |     131.53 +/-      19.61

0101
0010
1000
1000          10 |    -6.18 |     130.96 +/-      19.59

0011
1010
0000
0000           3 |    -6.24 |     201.81 +/-      31.87

0111
1010
1000
0100           7 |    -6.36 |      82.45 +/-      11.87

0110
1000
0101
0000           9 |    -6.50 |     124.91 +/-      17.83

0111
1000
0100
0000          22 |    -6.52 |     163.18 +/-      21.66

0110
1000
0100
1000          30 |    -6.88 |     176.67 +/-      21.32

0000
1001
1000
0000          49 |    -7.19 |     395.97 +/-      48.26

0100
0001
1000
0000          18 |    -7.20 |     398.91 +/-      52.89

0101
1010
1000
0000           8 |    -7.34 |     171.86 +/-      22.31

0000
1000
1000
0100          62 |    -7.66 |     401.03 +/-      44.26

0010
1001
0000
0000          27 |    -7.67 |     390.31 +/-      47.36

0111
1010
0000
0000          17 |    -7.80 |     161.05 +/-      18.46

0011
1000
0100
0100           0 |     -nan |       0.00 +/-       0.00

0011
1001
0100
0000           0 |     -nan |       0.00 +/-       0.00

0011
1010
0000
0110           0 |     -nan |       0.00 +/-       0.00

0100
0001
1000
0010           0 |     -nan |       0.00 +/-       0.00

0101
0001
1100
0010           0 |     -nan |       0.00 +/-       0.00

0110
1001
0101
1010           0 |     -nan |       0.00 +/-       0.00

0111
0001
0100
0000           0 |     -nan |       0.00 +/-       0.00

0111
0001
0100
0010           0 |     -nan |       0.00 +/-       0.00

0111
0011
0000
0000           0 |     -nan |       0.00 +/-       0.00

0111
1001
1100
1010           0 |     -nan |       0.00 +/-       0.00

0111
1010
0000
0110           0 |     -nan |       0.00 +/-       0.00

0111
1011
0001
0000           0 |     -nan |       0.00 +/-       0.00

