gtrieScanner Results
------------------------------------------
General Information

Start of Computation: 23h38m35s 07/04/2013
End of Computation: 23h38m37s 07/04/2013

Subgraph Size: 4
Graph File: "macaque47-el.csv"
Directed: YES
Nr Nodes: 47
Nr Edges: 505

Method: ESU on original network
Different Types of Subgraphs Found [Original Network]: 195
Subgraph Occurrences Found [Original Network]: 29821
Time for computing census on original network: 0.019579s
Average time for census on random network: 0.017804s

Number of random networks: 100
Random seed: 1365392315
Exchanges per edge: 3
Number of tries per exchange: 10
------------------------------------------
Motif Analysis Results

Graph   Org_Freq |  Z-score |    Rnd_Avg +/-    Rnd_Dev

0111
1011
1101
1110         188 |    60.94 |       3.31 +/-       3.03

0111
1011
1100
1100         524 |    49.95 |      20.06 +/-      10.09

0111
1010
1100
1000        1517 |    42.16 |      84.30 +/-      33.98

0110
1001
1000
0100        1783 |    37.20 |     131.33 +/-      44.40

0111
1011
1101
1100         337 |    23.55 |      33.60 +/-      12.88

0100
1000
1001
0010        1689 |    18.27 |     307.89 +/-      75.61

0111
1000
1000
1000         619 |    16.96 |      87.13 +/-      31.37

0111
1010
1100
1100         520 |    16.83 |      94.74 +/-      25.27

0111
1010
1100
1110         169 |    13.70 |      34.75 +/-       9.80

0111
1011
1100
1000         461 |    13.67 |      94.26 +/-      26.83

0110
1001
1100
0100         716 |    13.33 |     173.05 +/-      40.72

0110
1011
1000
0100         705 |    13.02 |     172.08 +/-      40.93

0110
1010
1100
1000         843 |    11.44 |     212.93 +/-      55.06

0111
1010
1100
0000         657 |    11.08 |     164.44 +/-      44.47

0100
1000
1101
0010         280 |    10.00 |      91.42 +/-      18.86

0110
1001
1001
0110          57 |     9.87 |       9.71 +/-       4.79

0111
1010
1000
1000         673 |     8.28 |     226.70 +/-      53.92

0110
1010
1100
1100         203 |     8.14 |      76.06 +/-      15.59

0110
1011
1001
0110         123 |     7.65 |      34.34 +/-      11.59

0111
1011
1101
1000          97 |     7.19 |      33.32 +/-       8.86

0110
1000
1000
0100        1547 |     6.44 |     716.25 +/-     128.95

0110
1010
1100
1110          33 |     3.98 |      13.38 +/-       4.93

0110
1010
0001
0010         168 |     3.59 |      93.84 +/-      20.68

0111
1011
1100
1010         118 |     3.15 |      69.84 +/-      15.29

0111
1011
1100
0000         111 |     2.66 |      66.19 +/-      16.86

0110
1001
1101
0100         134 |     2.64 |      86.26 +/-      18.09

0110
1001
1000
0000         893 |     2.54 |     602.34 +/-     114.59

0111
1000
1000
0000         624 |     2.07 |     447.77 +/-      84.94

0110
1000
1000
1000         774 |     2.04 |     561.21 +/-     104.25

0111
1011
1000
1000          84 |     2.03 |      58.19 +/-      12.69

0110
1001
1001
0100         173 |     2.00 |     106.35 +/-      33.32

0111
1000
1100
1100          77 |     1.82 |      56.56 +/-      11.23

0101
1000
1100
1000         376 |     1.59 |     306.82 +/-      43.56

0110
1001
1100
1100          62 |     0.72 |      53.37 +/-      11.91

0111
1011
1000
0100          54 |     0.23 |      51.38 +/-      11.44

0111
1001
1100
1000         114 |     0.00 |     113.91 +/-      21.32

0111
1011
1001
0110          30 |    -0.06 |      30.54 +/-       9.51

0111
1001
1100
0100         106 |    -0.06 |     107.10 +/-      18.46

0110
1011
1000
0110          84 |    -0.09 |      85.53 +/-      16.59

0110
1001
1100
0000         361 |    -0.11 |     365.66 +/-      43.56

0111
1001
1101
0100          60 |    -0.51 |      65.76 +/-      11.39

0111
1011
1001
1000          63 |    -0.56 |      72.47 +/-      16.78

0111
1011
1101
0000           9 |    -0.66 |      11.94 +/-       4.48

0111
1010
1100
0100         124 |    -0.71 |     147.74 +/-      33.46

0111
1011
0001
0010          11 |    -0.82 |      16.33 +/-       6.54

0110
1001
1101
1100          56 |    -0.85 |      66.78 +/-      12.75

0101
1000
1101
1000          48 |    -0.92 |      57.94 +/-      10.86

0110
1010
1000
0100         385 |    -1.40 |     454.40 +/-      49.71

0110
1000
1100
0100         371 |    -1.49 |     442.51 +/-      47.98

0110
1011
1001
0100          57 |    -1.70 |      86.77 +/-      17.49

0100
1001
1001
0010          37 |    -1.77 |      68.20 +/-      17.66

0110
1001
1100
0110          58 |    -1.81 |      86.80 +/-      15.93

0110
1000
0101
0010         126 |    -1.93 |     186.00 +/-      31.01

0110
1011
1000
0000         267 |    -2.07 |     360.46 +/-      45.06

0110
1000
1000
0110          53 |    -2.19 |      96.03 +/-      19.65

0110
1001
1001
0000          44 |    -2.28 |      87.15 +/-      18.91

0111
1010
1100
0110          18 |    -2.31 |      42.72 +/-      10.72

0111
1001
1100
1010           5 |    -2.62 |      25.99 +/-       8.00

0100
1000
1101
1100          10 |    -2.68 |      46.48 +/-      13.61

0111
0011
0001
0000           4 |    -2.73 |     118.87 +/-      42.02

0111
0001
0100
0010           2 |    -2.74 |      42.75 +/-      14.87

0111
1010
0001
0010          54 |    -2.77 |      99.34 +/-      16.39

0110
1001
0001
0010          21 |    -2.79 |      69.19 +/-      17.27

0011
1001
0100
0010           1 |    -2.81 |     131.40 +/-      46.41

0111
1011
0001
0000           3 |    -2.89 |      45.11 +/-      14.58

0101
1001
1101
0010           8 |    -3.01 |      33.48 +/-       8.48

0101
1001
1101
0000           5 |    -3.08 |      44.15 +/-      12.71

0101
1001
1100
0010           2 |    -3.19 |      50.57 +/-      15.24

0110
1010
1000
1110          29 |    -3.24 |      78.85 +/-      15.39

0111
1011
0000
0000           8 |    -3.35 |      53.12 +/-      13.47

0100
1000
1100
1100          23 |    -3.38 |      63.21 +/-      11.90

0110
1010
0001
0000         108 |    -3.41 |     215.97 +/-      31.64

0011
1000
0100
0100           2 |    -3.44 |     149.96 +/-      43.00

0111
1011
1100
0010          10 |    -3.55 |      40.22 +/-       8.51

0110
1000
0000
0010         638 |    -3.62 |     945.95 +/-      84.98

0111
1000
0101
0010          47 |    -3.64 |     100.26 +/-      14.65

0111
1011
1001
0100          23 |    -3.66 |      63.82 +/-      11.16

0111
1001
1000
0000         123 |    -3.66 |     275.64 +/-      41.66

0111
1011
1001
0000          18 |    -3.67 |      75.27 +/-      15.60

0111
1001
1001
0000          11 |    -3.69 |      55.37 +/-      12.03

0111
1000
0101
0100           8 |    -3.70 |      95.70 +/-      23.73

0110
1010
1000
1000         315 |    -3.70 |     530.29 +/-      58.23

0101
1010
1000
1000         157 |    -3.72 |     305.45 +/-      39.88

0111
1001
0101
0000           3 |    -3.86 |      90.53 +/-      22.68

0111
1001
0100
0010           4 |    -3.92 |      97.08 +/-      23.77

0110
1001
0101
1000           1 |    -3.93 |     100.63 +/-      25.38

0111
1001
1100
0110          16 |    -3.98 |      66.30 +/-      12.64

0111
0011
0000
0000           3 |    -3.98 |     129.25 +/-      31.73

0111
1000
1000
0100         138 |    -4.06 |     295.68 +/-      38.85

0101
1000
1101
0100           3 |    -4.07 |      94.86 +/-      22.59

0110
1001
1000
0010          38 |    -4.09 |     188.67 +/-      36.84

0100
1000
1100
0010         130 |    -4.11 |     264.44 +/-      32.71

0111
1001
0101
0010           3 |    -4.27 |      66.94 +/-      14.97

0111
0001
0100
0000          10 |    -4.33 |     275.62 +/-      61.33

0011
1001
0100
0000           1 |    -4.38 |     281.89 +/-      64.07

0101
0001
1100
0000           5 |    -4.44 |     285.04 +/-      63.08

0010
1001
0100
1000           3 |    -4.49 |     300.55 +/-      66.29

0110
1010
0001
1010          20 |    -4.50 |     100.36 +/-      17.86

0100
0000
1100
1100           5 |    -4.55 |     143.49 +/-      30.41

0110
1011
1000
1010          22 |    -4.56 |      83.95 +/-      13.59

0101
1001
1100
0000          21 |    -4.56 |     120.96 +/-      21.92

0100
1000
1101
0000          90 |    -4.59 |     211.14 +/-      26.42

0111
0000
0100
0100           3 |    -4.60 |     135.57 +/-      28.80

0001
1000
1100
0100           1 |    -4.63 |     299.89 +/-      64.56

0110
1010
1000
1100          85 |    -4.68 |     174.60 +/-      19.14

0110
1000
0001
0000         455 |    -4.69 |     848.37 +/-      83.91

0110
1001
1001
1000          12 |    -4.71 |      59.36 +/-      10.04

0101
0000
1100
0100          11 |    -4.72 |     285.35 +/-      58.07

0110
1000
1100
1100          87 |    -4.77 |     172.22 +/-      17.88

0110
1011
1001
0000          64 |    -4.84 |     131.13 +/-      13.86

0111
1010
1000
0110           8 |    -4.93 |      83.62 +/-      15.32

0111
1011
1000
0010          11 |    -4.96 |      80.64 +/-      14.03

0100
1000
1001
0000         448 |    -5.02 |     853.71 +/-      80.82

0111
1010
1000
0000         160 |    -5.02 |     420.16 +/-      51.81

0111
1000
0100
0100           9 |    -5.03 |     128.97 +/-      23.83

0110
1011
1001
1000          10 |    -5.04 |      83.51 +/-      14.58

0111
1000
0101
1000           4 |    -5.13 |      60.72 +/-      11.06

0110
1001
1100
1010          13 |    -5.18 |      86.36 +/-      14.15

0100
1000
1000
0010         558 |    -5.29 |    1007.68 +/-      85.02

0110
1001
0100
1000           5 |    -5.30 |     128.42 +/-      23.28

0101
1010
1001
0010          18 |    -5.31 |     100.86 +/-      15.61

0100
1000
1101
1000          42 |    -5.31 |     177.20 +/-      25.46

0111
1001
1000
0010          27 |    -5.36 |     118.67 +/-      17.10

0111
1001
1100
0010           4 |    -5.44 |      82.82 +/-      14.50

0110
1010
0000
0010          94 |    -5.51 |     246.59 +/-      27.72

0101
1000
1100
0100          22 |    -5.67 |     258.81 +/-      41.73

0101
1000
1101
0000          31 |    -5.68 |     167.26 +/-      24.00

0000
1001
1001
0000           3 |    -5.73 |     130.74 +/-      22.31

0111
0000
0000
0000          57 |    -5.73 |     498.78 +/-      77.07

0110
1010
0001
1000          11 |    -5.77 |     184.08 +/-      30.02

0111
1010
0001
0000          12 |    -5.79 |     168.23 +/-      26.98

0110
1000
0101
1000           3 |    -5.82 |     184.16 +/-      31.14

0101
1010
1001
1000          20 |    -5.88 |     124.46 +/-      17.75

0110
0010
0000
1000          54 |    -5.90 |     953.20 +/-     152.28

0010
1000
0100
1000          29 |    -5.92 |    1008.52 +/-     165.50

0011
1000
0100
0000          12 |    -5.92 |     844.46 +/-     140.62

0110
1011
1000
1000          57 |    -5.98 |     172.21 +/-      19.26

0101
1010
1000
0010           7 |    -6.05 |     184.30 +/-      29.32

0100
1000
1000
0100         350 |    -6.14 |     850.89 +/-      81.56

0110
1010
1000
0110          35 |    -6.16 |     143.66 +/-      17.65

0110
1011
1000
0010          46 |    -6.16 |     139.56 +/-      15.19

0111
1000
0000
0000         376 |    -6.23 |     792.91 +/-      66.97

0110
1010
0000
1010          14 |    -6.26 |     174.00 +/-      25.54

0101
1010
1001
0000           6 |    -6.29 |     172.95 +/-      26.54

0111
1000
0101
0000          12 |    -6.33 |     169.97 +/-      24.95

0111
0010
0000
0000          52 |    -6.35 |     787.59 +/-     115.86

0111
1011
1000
0000          32 |    -6.35 |     152.79 +/-      19.01

0001
1010
1000
0000          44 |    -6.40 |     843.99 +/-     124.95

0101
1000
1100
0010          15 |    -6.43 |     186.57 +/-      26.70

0111
1001
0100
0000           7 |    -6.51 |     234.57 +/-      34.96

0011
1010
0000
0000          28 |    -6.51 |     805.10 +/-     119.35

0111
1000
0001
0000         104 |    -6.52 |     373.67 +/-      41.39

0000
1010
1000
1000          59 |    -6.60 |     941.13 +/-     133.70

0111
1010
0000
0010           9 |    -6.60 |     167.73 +/-      24.04

0111
1001
1100
0000          32 |    -6.62 |     157.03 +/-      18.89

0111
1000
0100
0010           5 |    -6.64 |     183.13 +/-      26.84

0101
1000
1100
0000         173 |    -6.65 |     588.82 +/-      62.55

0010
1010
0000
1000          32 |    -6.76 |     952.68 +/-     136.18

0100
1010
1001
1000           6 |    -6.78 |     180.97 +/-      25.82

0100
1000
1000
1000         439 |    -7.11 |    1114.47 +/-      95.03

0110
1001
1100
0010          20 |    -7.23 |     145.33 +/-      17.33

0000
1000
1000
1000          85 |    -7.28 |     714.63 +/-      86.53

0110
1000
0100
1010           3 |    -7.36 |     188.25 +/-      25.18

0100
1000
1100
1010          18 |    -7.40 |     184.73 +/-      22.53

0111
1000
1100
0100          20 |    -7.42 |     165.87 +/-      19.65

0101
1000
1000
0010          55 |    -7.62 |     408.92 +/-      46.46

0100
1010
1000
1010           3 |    -7.62 |     184.79 +/-      23.86

0100
1000
1001
1000          94 |    -7.72 |     403.03 +/-      40.01

0110
1001
1100
1000          32 |    -7.76 |     174.18 +/-      18.33

0100
1000
1001
0100          25 |    -8.00 |     312.12 +/-      35.91

0011
1000
0000
0000         207 |    -8.06 |    1721.31 +/-     187.88

0010
1001
0001
0000          13 |    -8.07 |     558.78 +/-      67.60

0110
1010
0000
1000          82 |    -8.46 |     674.18 +/-      70.00

0110
1001
0000
0000         108 |    -8.48 |     615.47 +/-      59.87

0110
0001
0001
0000           1 |    -8.50 |     282.85 +/-      33.16

0001
1000
1000
0000         171 |    -8.57 |    1979.34 +/-     210.93

0110
1000
0101
0000          49 |    -8.67 |     435.17 +/-      44.55

0110
1001
0001
0000          20 |    -8.70 |     284.80 +/-      30.43

0100
1001
1000
0000         425 |    -8.70 |    1449.84 +/-     117.78

0101
1000
1001
0000          65 |    -8.74 |     388.15 +/-      36.98

0100
1001
1001
0000          27 |    -8.83 |     287.64 +/-      29.53

0100
1000
1100
1000         248 |    -8.83 |     707.30 +/-      52.02

0111
1010
1000
0100           9 |    -8.90 |     169.68 +/-      18.06

0100
1001
1000
0010          19 |    -8.94 |     305.28 +/-      32.01

0110
1000
0100
0010          67 |    -9.49 |     529.48 +/-      48.75

0111
1000
0100
0000          66 |    -9.74 |     584.80 +/-      53.25

0111
1010
0000
0000          62 |    -9.89 |     540.04 +/-      48.34

0101
1000
1000
0000         587 |    -9.96 |    1897.30 +/-     131.50

0101
1010
1000
0000          44 |   -10.04 |     585.87 +/-      53.98

0110
1000
0100
1000          90 |   -10.20 |     712.46 +/-      61.00

0100
1010
1000
1000          86 |   -10.95 |     707.55 +/-      56.75

0100
0001
1000
0000         155 |   -11.23 |    2365.96 +/-     196.91

0000
1000
1000
0100         207 |   -12.19 |    2587.54 +/-     195.22

0000
1001
1000
0000         190 |   -12.27 |    2247.21 +/-     167.72

0010
1001
0000
0000         123 |   -12.29 |    2037.69 +/-     155.75

