gtrieScanner Results
------------------------------------------
General Information

Start of Computation: 00h31m04s 08/04/2013
End of Computation: 00h31m06s 08/04/2013

Subgraph Size: 4
Graph File: "fve32-el.csv"
Directed: YES
Nr Nodes: 32
Nr Edges: 315

Method: GTRIE with file containing complete g-trie
Different Types of Subgraphs Found [Original Network]: 187
Subgraph Occurrences Found [Original Network]: 11158
Time for computing census on original network: 0.014374s
Average time for census on random network: 0.015715s

Number of random networks: 100
Random seed: 1365395464
Exchanges per edge: 3
Number of tries per exchange: 10
------------------------------------------
Motif Analysis Results

Graph   Org_Freq |  Z-score |    Rnd_Avg +/-    Rnd_Dev

0110
1001
1000
0100         735 |    39.31 |      50.62 +/-      17.41

0111
1010
1100
1000         799 |    38.78 |      57.07 +/-      19.13

0111
1011
1101
1110         112 |    25.13 |       5.09 +/-       4.25

0111
1011
1100
1100         281 |    24.30 |      21.93 +/-      10.66

0111
1000
1000
1000         300 |    18.01 |      44.59 +/-      14.18

0100
1000
1001
0010         457 |    14.67 |      96.03 +/-      24.60

0110
1001
1001
0110          52 |    14.13 |       4.48 +/-       3.36

0110
1001
1000
0000         552 |    10.77 |     174.80 +/-      35.02

0110
1011
1000
0100         254 |     8.61 |      84.14 +/-      19.73

0111
1010
1100
1100         251 |     8.45 |      80.89 +/-      20.13

0110
1001
1100
0100         240 |     8.10 |      85.80 +/-      19.03

0111
1011
1101
1100         158 |     7.90 |      42.63 +/-      14.61

0111
1011
1100
1000         222 |     7.32 |      79.58 +/-      19.45

0110
1010
1100
1000         283 |     7.22 |      96.60 +/-      25.82

0111
1010
1100
0000         226 |     7.03 |      72.84 +/-      21.80

0111
1010
1000
1000         336 |     6.41 |     136.39 +/-      31.15

0110
1000
1000
0100         450 |     6.28 |     209.59 +/-      38.26

0110
1010
0001
0010          99 |     5.45 |      37.67 +/-      11.25

0110
1001
1001
0100         129 |     4.73 |      48.33 +/-      17.07

0111
1011
1101
1000          67 |     3.97 |      32.99 +/-       8.58

0110
1011
1001
0110          53 |     3.77 |      23.28 +/-       7.89

0111
1011
1100
0000          88 |     3.42 |      43.14 +/-      13.11

0111
1010
1100
1110          63 |     3.23 |      33.45 +/-       9.15

0111
1001
1000
0000         171 |     2.78 |     124.37 +/-      16.79

0110
1011
1000
0110          76 |     2.29 |      52.72 +/-      10.16

0100
1000
1101
0010          54 |     1.95 |      34.46 +/-      10.03

0110
1000
1000
1000         242 |     1.70 |     183.77 +/-      34.22

0111
1011
1101
0000          17 |     1.42 |      10.45 +/-       4.62

0110
1001
1101
0100          62 |     1.28 |      48.96 +/-      10.19

0110
1001
1001
0000          47 |     1.15 |      36.60 +/-       9.01

0110
1010
1100
1100          56 |     0.90 |      45.89 +/-      11.25

0111
1011
0001
0010          12 |     0.84 |       8.69 +/-       3.96

0110
1000
0000
0010         263 |     0.81 |     239.15 +/-      29.33

0111
1000
1000
0000         168 |     0.75 |     147.79 +/-      27.10

0101
1000
1100
1000         143 |     0.55 |     130.71 +/-      22.51

0111
1000
1100
1100          47 |     0.46 |      42.45 +/-       9.79

0110
1001
0001
0010          25 |    -0.22 |      26.87 +/-       8.49

0111
1010
0000
1010          29 |    -0.34 |      31.93 +/-       8.65

0110
1010
1100
1110           7 |    -0.64 |       9.21 +/-       3.46

0110
1000
0101
0010          61 |    -0.74 |      72.19 +/-      15.07

0111
1010
0001
0010          36 |    -0.93 |      45.87 +/-      10.62

0110
1000
1100
0100         136 |    -1.05 |     159.04 +/-      21.97

0111
1011
1000
1000          31 |    -1.06 |      40.82 +/-       9.31

0111
1001
1100
0100          47 |    -1.42 |      66.78 +/-      13.92

0111
1011
1100
1010          46 |    -1.50 |      64.07 +/-      12.04

0111
1010
1100
0100          56 |    -1.55 |      89.54 +/-      21.70

0110
1011
1001
0100          33 |    -1.57 |      48.70 +/-      10.03

0110
1010
0000
0010          54 |    -1.70 |      77.57 +/-      13.84

0111
1011
1001
0110          10 |    -1.79 |      26.02 +/-       8.97

0110
1001
1100
1100          16 |    -1.84 |      32.59 +/-       9.00

0110
1000
0001
0110          12 |    -1.85 |      27.11 +/-       8.15

0111
1000
0101
0110           5 |    -1.88 |      17.31 +/-       6.54

0100
1000
1000
1000         189 |    -2.02 |     258.55 +/-      34.35

0110
1000
0001
0000         154 |    -2.08 |     202.31 +/-      23.25

0111
1011
0000
0000           6 |    -2.19 |      22.44 +/-       7.49

0110
1001
1100
0000          82 |    -2.20 |     125.59 +/-      19.79

0100
1000
1100
1100           9 |    -2.23 |      24.07 +/-       6.76

0111
1010
1100
0110          12 |    -2.31 |      29.60 +/-       7.61

0111
1010
0001
1000          35 |    -2.38 |      61.89 +/-      11.29

0110
1010
0001
1100           1 |    -2.46 |      20.70 +/-       8.01

0101
1000
1101
1000          11 |    -2.47 |      30.44 +/-       7.88

0100
1000
1101
1100           3 |    -2.51 |      21.61 +/-       7.40

0111
1011
1001
0000          15 |    -2.66 |      48.06 +/-      12.43

0111
0011
0001
0000           1 |    -2.66 |      49.11 +/-      18.08

0110
1000
1000
0110          10 |    -2.69 |      35.99 +/-       9.65

0110
1010
0001
1010          18 |    -2.72 |      47.46 +/-      10.84

0111
1001
1101
0100          19 |    -2.82 |      46.44 +/-       9.74

0111
1010
0001
0110           3 |    -2.85 |      35.27 +/-      11.31

0110
1010
0000
1110           1 |    -2.90 |      21.84 +/-       7.18

0111
1011
1000
0100          10 |    -2.91 |      31.68 +/-       7.44

0110
1011
1000
0000          74 |    -2.93 |     125.86 +/-      17.68

0110
1010
0001
0000          23 |    -2.99 |      61.61 +/-      12.92

0111
1011
1100
0010           6 |    -3.01 |      29.88 +/-       7.93

0101
1010
1000
1010           3 |    -3.05 |      30.46 +/-       9.02

0111
1011
1001
0100          17 |    -3.05 |      46.62 +/-       9.71

0101
1001
1100
0000           8 |    -3.07 |      47.63 +/-      12.91

0101
1010
1001
0010           7 |    -3.13 |      44.67 +/-      12.03

0111
1000
0101
1000           5 |    -3.14 |      29.71 +/-       7.87

0111
1000
0100
1000          62 |    -3.18 |     122.92 +/-      19.16

0111
1000
0101
0010           7 |    -3.19 |      43.96 +/-      11.58

0110
1001
1100
0110          16 |    -3.21 |      49.56 +/-      10.46

0111
1010
0001
0100           1 |    -3.31 |      42.30 +/-      12.48

0110
1010
1000
1110          10 |    -3.32 |      46.99 +/-      11.14

0111
1000
0101
0100           2 |    -3.37 |      42.65 +/-      12.06

0110
1001
0101
1000           2 |    -3.40 |      44.16 +/-      12.38

0100
0000
1100
1100           2 |    -3.45 |      46.82 +/-      13.01

0110
1001
0000
0000          62 |    -3.46 |     136.94 +/-      21.65

0110
1001
1000
0010          20 |    -3.47 |      71.73 +/-      14.93

0111
1001
1100
1000          30 |    -3.50 |      83.22 +/-      15.23

0111
1001
1100
0110           7 |    -3.57 |      46.39 +/-      11.03

0111
1000
0100
0100           2 |    -3.61 |      46.63 +/-      12.37

0110
1001
1101
1100          10 |    -3.62 |      44.36 +/-       9.49

0111
0000
0100
0100           1 |    -3.62 |      44.70 +/-      12.07

0100
1000
1001
0000          99 |    -3.70 |     207.75 +/-      29.37

0111
1011
1001
1000          12 |    -3.72 |      59.53 +/-      12.77

0000
1000
1000
1000          39 |    -3.73 |     129.22 +/-      24.18

0110
1000
0100
1110           1 |    -3.75 |      41.92 +/-      10.91

0110
1000
0101
1100           2 |    -3.75 |      42.89 +/-      10.90

0001
1000
1100
0100           6 |    -3.79 |      88.28 +/-      21.71

0100
1000
1000
0100          84 |    -3.80 |     185.67 +/-      26.78

0110
1001
0100
1000           1 |    -3.80 |      47.45 +/-      12.23

0010
1001
0100
1000           2 |    -3.91 |      90.38 +/-      22.60

0110
1011
1001
1000           2 |    -3.92 |      47.06 +/-      11.48

0110
1000
1100
1100          34 |    -3.93 |      86.49 +/-      13.35

0100
1000
1101
0000          16 |    -3.94 |      60.46 +/-      11.28

0111
1010
1000
0000          66 |    -4.08 |     160.68 +/-      23.23

0110
1011
1000
1010           6 |    -4.09 |      48.40 +/-      10.37

0110
0000
0000
0110           2 |    -4.09 |      37.23 +/-       8.61

0101
0001
1100
0000           2 |    -4.10 |      88.16 +/-      21.01

0100
1001
1000
0000         171 |    -4.19 |     324.87 +/-      36.76

0111
1001
1100
0010           2 |    -4.28 |      47.33 +/-      10.59

0110
1010
1000
1000          83 |    -4.28 |     210.90 +/-      29.87

0110
1011
1001
0000          17 |    -4.32 |      62.43 +/-      10.52

0110
1010
0001
1000           2 |    -4.34 |      70.04 +/-      15.68

0101
0000
1100
0100           2 |    -4.35 |      92.52 +/-      20.83

0111
1011
1000
0010           5 |    -4.36 |      47.27 +/-       9.70

0101
1000
1100
0100          12 |    -4.38 |      95.75 +/-      19.11

0100
1000
1100
1000         103 |    -4.39 |     206.37 +/-      23.54

0101
1010
1000
0010           4 |    -4.46 |      65.90 +/-      13.88

0110
1001
1000
1000          33 |    -4.52 |     127.58 +/-      20.95

0111
1001
0100
0000           1 |    -4.55 |      93.17 +/-      20.25

0110
1000
0101
1000           3 |    -4.56 |      68.06 +/-      14.26

0111
1010
1000
0110           4 |    -4.57 |      48.43 +/-       9.73

0110
1001
1100
1010           1 |    -4.59 |      46.18 +/-       9.85

0111
1011
1000
0000          28 |    -4.62 |      81.94 +/-      11.68

0110
1010
0000
1010           6 |    -4.67 |      70.78 +/-      13.87

0100
1000
1000
0010         102 |    -4.70 |     239.19 +/-      29.22

0100
1010
1001
1000           3 |    -4.72 |      71.08 +/-      14.42

0111
0000
0000
0000           4 |    -4.72 |      84.70 +/-      17.09

0111
1001
1100
0000          12 |    -4.77 |      81.93 +/-      14.65

0111
1010
0000
0010           8 |    -4.78 |      69.04 +/-      12.78

0100
1000
1100
0010           9 |    -4.78 |      73.46 +/-      13.48

0111
1010
0001
0000           5 |    -4.82 |      67.29 +/-      12.93

0100
1000
1001
0100          10 |    -4.88 |      95.21 +/-      17.46

0111
1000
0000
0000          52 |    -4.91 |     178.49 +/-      25.75

0101
1010
1001
1000           6 |    -4.95 |      59.64 +/-      10.84

0001
1010
1000
0000           9 |    -4.96 |     199.09 +/-      38.36

0110
1001
0001
0000          22 |    -5.01 |      94.14 +/-      14.39

0111
1000
0101
0000           4 |    -5.02 |      67.07 +/-      12.58

0100
0010
1000
1000          12 |    -5.02 |     224.45 +/-      42.35

0110
1010
1000
1100          20 |    -5.03 |      84.61 +/-      12.85

0110
1000
0100
1010           5 |    -5.13 |      67.84 +/-      12.26

0111
1000
0100
0010           1 |    -5.14 |      65.52 +/-      12.56

0110
1010
0000
1000          48 |    -5.15 |     208.13 +/-      31.08

0100
1000
1101
1000          11 |    -5.17 |      68.01 +/-      11.03

0100
1010
1000
1010           4 |    -5.20 |      70.61 +/-      12.81

0100
1000
1100
1010           2 |    -5.21 |      69.65 +/-      12.97

0101
1010
1001
0000           1 |    -5.23 |      68.72 +/-      12.95

0001
1010
1000
1000          34 |    -5.25 |     133.95 +/-      19.03

0100
1001
1001
0000          14 |    -5.35 |      94.81 +/-      15.11

0110
1011
1000
1000          14 |    -5.36 |      85.07 +/-      13.26

0101
0010
1000
0000           1 |    -5.38 |     194.12 +/-      35.90

0110
1010
1000
0100          52 |    -5.43 |     158.33 +/-      19.59

0110
1011
1000
0010          11 |    -5.46 |      62.69 +/-       9.47

0101
1000
1101
0000           3 |    -5.47 |      66.35 +/-      11.59

0110
0001
0001
0000           2 |    -5.47 |      73.69 +/-      13.11

0111
0010
0000
1000          22 |    -5.53 |     121.39 +/-      17.97

0101
1000
1100
0000          36 |    -5.53 |     169.23 +/-      24.08

0101
0010
1000
1000          10 |    -5.57 |     126.31 +/-      20.90

0111
1000
1100
0100          18 |    -5.57 |      82.53 +/-      11.58

0000
1010
1000
1000          37 |    -5.72 |     237.54 +/-      35.05

0110
0001
0000
0010           2 |    -5.76 |     144.74 +/-      24.79

0101
1000
1100
0010           2 |    -5.81 |      67.16 +/-      11.21

0110
1010
1000
0110           6 |    -5.89 |      64.73 +/-       9.97

0111
1010
1000
0100           7 |    -5.92 |      82.55 +/-      12.76

0110
1000
0100
0010          30 |    -5.95 |     149.39 +/-      20.06

0110
1001
1100
0010           3 |    -6.00 |      63.55 +/-      10.09

0111
0010
0000
0000           7 |    -6.05 |     190.51 +/-      30.32

0110
1001
1100
1000           9 |    -6.08 |      83.42 +/-      12.25

0110
0010
0000
1000           6 |    -6.10 |     227.03 +/-      36.26

0110
1000
0101
0000           9 |    -6.15 |     123.11 +/-      18.55

0010
1010
0000
1000          13 |    -6.15 |     230.28 +/-      35.31

0001
1000
1000
0000          33 |    -6.26 |     336.08 +/-      48.43

0011
1000
0000
0000          22 |    -6.28 |     297.50 +/-      43.86

0011
1010
0000
1000          15 |    -6.43 |     130.25 +/-      17.92

0101
1000
1000
0000         119 |    -6.48 |     435.79 +/-      48.92

0011
1010
0000
0000           3 |    -6.48 |     197.46 +/-      30.00

0100
1001
1000
0010           2 |    -6.49 |      95.35 +/-      14.38

0110
1000
0100
1000          30 |    -6.84 |     202.83 +/-      25.27

0100
1010
1000
1000          37 |    -6.86 |     208.66 +/-      25.02

0111
1000
0100
0000          22 |    -6.92 |     163.93 +/-      20.52

0101
1010
1000
0000           8 |    -7.84 |     170.45 +/-      20.72

0111
1010
0000
0000          17 |    -8.04 |     164.74 +/-      18.37

0010
1001
0000
0000          27 |    -8.55 |     383.47 +/-      41.67

0000
1001
1000
0000          55 |    -8.83 |     441.78 +/-      43.82

0100
0001
1000
0000          18 |    -9.02 |     431.10 +/-      45.79

0000
1000
1000
0100          76 |    -9.50 |     488.62 +/-      43.41

0011
1000
0100
0100           0 |     -nan |       0.00 +/-       0.00

0011
1001
0100
0000           0 |     -nan |       0.00 +/-       0.00

0011
1010
0000
0110           0 |     -nan |       0.00 +/-       0.00

0100
0001
1000
0010           0 |     -nan |       0.00 +/-       0.00

0101
0001
1100
0010           0 |     -nan |       0.00 +/-       0.00

0110
1001
0101
1010           0 |     -nan |       0.00 +/-       0.00

0111
0001
0100
0000           0 |     -nan |       0.00 +/-       0.00

0111
0001
0100
0010           0 |     -nan |       0.00 +/-       0.00

0111
0011
0000
0000           0 |     -nan |       0.00 +/-       0.00

0111
1001
1100
1010           0 |     -nan |       0.00 +/-       0.00

0111
1010
0000
0110           0 |     -nan |       0.00 +/-       0.00

0111
1011
0001
0000           0 |     -nan |       0.00 +/-       0.00

