gtrieScanner Results
------------------------------------------
General Information

Start of Computation: 00h23m51s 08/04/2013
End of Computation: 00h23m53s 08/04/2013

Subgraph Size: 4
Graph File: "fve30-el.csv"
Directed: YES
Nr Nodes: 30
Nr Edges: 311

Method: ESU on original network
Different Types of Subgraphs Found [Original Network]: 187
Subgraph Occurrences Found [Original Network]: 10487
Time for computing census on original network: 0.012437s
Average time for census on random network: 0.015460s

Number of random networks: 100
Random seed: 1365395031
Exchanges per edge: 3
Number of tries per exchange: 10
------------------------------------------
Motif Analysis Results

Graph   Org_Freq |  Z-score |    Rnd_Avg +/-    Rnd_Dev

0110
1001
1000
0100         735 |    33.90 |      49.28 +/-      20.23

0111
1010
1100
1000         799 |    32.05 |      57.07 +/-      23.15

0111
1011
1101
1110         112 |    30.70 |       4.46 +/-       3.50

0111
1011
1100
1100         281 |    25.29 |      21.31 +/-      10.27

0110
1001
1001
0110          52 |    13.51 |       4.71 +/-       3.50

0100
1000
1001
0010         457 |    11.36 |      97.87 +/-      31.62

0111
1000
1000
1000         300 |    10.52 |      49.89 +/-      23.77

0111
1011
1101
1100         158 |     9.56 |      39.23 +/-      12.42

0110
1001
1000
0000         552 |     8.85 |     176.59 +/-      42.44

0111
1010
1100
1100         251 |     8.70 |      80.04 +/-      19.65

0111
1011
1100
1000         222 |     8.09 |      76.91 +/-      17.94

0111
1010
1100
0000         226 |     7.86 |      68.34 +/-      20.06

0110
1010
1100
1000         211 |     7.62 |      73.68 +/-      18.01

0110
1011
1000
0100         254 |     7.25 |      86.31 +/-      23.14

0110
1001
1100
0100         240 |     6.13 |      86.82 +/-      25.00

0110
1010
0001
0010          99 |     5.44 |      35.72 +/-      11.63

0111
1010
1000
1000         336 |     4.93 |     145.03 +/-      38.73

0111
1011
1101
1000          67 |     4.89 |      31.54 +/-       7.25

0110
1000
1000
0100         374 |     4.74 |     179.62 +/-      41.03

0111
1011
1100
0000          88 |     4.06 |      44.03 +/-      10.82

0111
1010
1100
1110          63 |     4.02 |      32.17 +/-       7.68

0110
1001
1001
0100         129 |     3.89 |      49.20 +/-      20.50

0110
1011
1001
0110          53 |     2.99 |      23.50 +/-       9.88

0110
1011
1000
0110          76 |     1.89 |      50.48 +/-      13.48

0100
1000
1101
0010          54 |     1.69 |      35.52 +/-      10.94

0111
1001
1000
0000         171 |     1.58 |     131.85 +/-      24.71

0111
1011
1101
0000          17 |     1.46 |      10.22 +/-       4.63

0110
1001
1101
0100          62 |     1.06 |      49.69 +/-      11.61

0110
1001
1001
0000          47 |     0.99 |      36.23 +/-      10.93

0111
1011
0001
0010          12 |     0.83 |       8.62 +/-       4.09

0110
1000
1000
1000         190 |     0.67 |     165.50 +/-      36.45

0110
1010
1100
1100          48 |     0.57 |      42.14 +/-      10.29

0111
1000
1000
0000         168 |     0.51 |     150.94 +/-      33.46

0111
1000
1100
1100          47 |     0.49 |      42.27 +/-       9.73

0110
1000
0000
0010         211 |     0.23 |     205.15 +/-      25.95

0101
1000
1100
1000         127 |     0.10 |     124.56 +/-      23.25

0110
1001
0001
0010          25 |    -0.22 |      26.88 +/-       8.71

0111
1001
1001
0000          29 |    -0.26 |      31.46 +/-       9.41

0110
1010
1100
1110           7 |    -0.49 |       9.07 +/-       4.20

0110
1000
0101
0010          61 |    -0.65 |      72.38 +/-      17.52

0111
1010
0001
0010          36 |    -0.74 |      44.55 +/-      11.57

0111
1011
1000
1000          31 |    -1.06 |      42.67 +/-      10.99

0111
1010
1100
0100          56 |    -1.41 |      84.68 +/-      20.40

0111
1011
1100
1010          46 |    -1.64 |      63.99 +/-      10.99

0110
1011
1001
0100          33 |    -1.70 |      51.80 +/-      11.08

0100
1001
1001
0010          12 |    -1.74 |      27.03 +/-       8.64

0111
1001
1100
0100          47 |    -1.85 |      67.90 +/-      11.32

0110
1001
1100
1100          16 |    -1.96 |      33.99 +/-       9.19

0111
1011
1001
0110          10 |    -2.05 |      25.98 +/-       7.78

0110
1000
0001
0000         154 |    -2.07 |     205.45 +/-      24.83

0110
1010
0000
0010          36 |    -2.18 |      62.63 +/-      12.20

0101
1000
1101
1000          11 |    -2.20 |      28.61 +/-       8.02

0111
1010
1100
0110          12 |    -2.28 |      29.86 +/-       7.84

0100
1000
1101
1100           3 |    -2.29 |      19.80 +/-       7.35

0110
1010
0001
1010          18 |    -2.29 |      47.33 +/-      12.79

0110
1001
1100
0000          82 |    -2.34 |     124.03 +/-      17.93

0100
1000
1100
1100           6 |    -2.34 |      21.93 +/-       6.79

0111
1011
0000
0000           6 |    -2.38 |      22.76 +/-       7.04

0101
1001
1101
0010           5 |    -2.43 |      18.86 +/-       5.69

0110
1000
1100
0100          78 |    -2.45 |     128.68 +/-      20.69

0111
1001
1101
0100          19 |    -2.54 |      44.31 +/-       9.97

0111
1011
1001
0000          15 |    -2.58 |      48.23 +/-      12.89

0101
1001
1100
0010           1 |    -2.64 |      22.42 +/-       8.10

0110
1000
1000
0110          10 |    -2.65 |      34.59 +/-       9.27

0111
1001
1000
0010          35 |    -2.67 |      62.14 +/-      10.15

0110
1011
1000
0000          74 |    -2.75 |     118.82 +/-      16.29

0111
0011
0001
0000           1 |    -2.84 |      46.73 +/-      16.08

0111
1011
1100
0010           6 |    -2.93 |      29.60 +/-       8.05

0111
1011
1000
0100          10 |    -2.95 |      34.51 +/-       8.30

0110
1001
1000
0010          20 |    -2.96 |      71.66 +/-      17.44

0110
1010
0001
0000          23 |    -2.99 |      63.35 +/-      13.50

0101
1001
1100
0000           8 |    -3.07 |      46.39 +/-      12.51

0110
1010
1000
1110          10 |    -3.10 |      45.44 +/-      11.44

0111
1000
0101
0010           7 |    -3.12 |      45.71 +/-      12.40

0111
1000
0101
1000           5 |    -3.12 |      30.11 +/-       8.05

0101
1000
1100
0110           2 |    -3.15 |      45.17 +/-      13.72

0111
1001
0101
0010           3 |    -3.20 |      35.47 +/-      10.16

0111
1001
1100
1000          30 |    -3.23 |      84.62 +/-      16.94

0111
1011
1001
0100          17 |    -3.25 |      46.26 +/-       9.02

0101
1010
1001
0010           7 |    -3.28 |      49.23 +/-      12.89

0111
1011
1001
1000          12 |    -3.29 |      59.47 +/-      14.45

0100
1000
1000
1000          99 |    -3.29 |     198.06 +/-      30.10

0101
1000
1101
0100           1 |    -3.36 |      42.04 +/-      12.22

0110
1001
1100
0110          16 |    -3.40 |      49.73 +/-       9.91

0111
1000
1000
0100          62 |    -3.40 |     125.42 +/-      18.63

0110
1001
0101
1000           2 |    -3.42 |      44.56 +/-      12.45

0111
1000
0101
0100           2 |    -3.43 |      45.23 +/-      12.61

0100
1000
1101
0000          16 |    -3.46 |      58.87 +/-      12.38

0001
1000
1100
0100           6 |    -3.50 |      89.00 +/-      23.73

0111
1000
0100
0100           2 |    -3.52 |      45.30 +/-      12.30

0000
1001
1001
0000           2 |    -3.53 |      34.58 +/-       9.23

0111
1001
0100
0010           1 |    -3.56 |      43.86 +/-      12.05

0110
1001
0000
0000          62 |    -3.65 |     138.87 +/-      21.05

0100
0000
1100
1100           2 |    -3.66 |      42.57 +/-      11.08

0110
1001
0100
1000           1 |    -3.66 |      48.36 +/-      12.93

0110
1001
1101
1100          10 |    -3.68 |      44.75 +/-       9.45

0101
1001
1101
0000           1 |    -3.70 |      21.71 +/-       5.59

0100
1000
1001
0000          99 |    -3.71 |     201.59 +/-      27.62

0000
1000
1000
1000          18 |    -3.74 |      89.97 +/-      19.22

0111
1001
1100
0110           7 |    -3.78 |      46.95 +/-      10.58

0101
0001
1100
0000           2 |    -3.86 |      92.10 +/-      23.34

0101
1000
1100
0100          12 |    -3.88 |      91.23 +/-      20.42

0100
1000
1000
0010          96 |    -3.92 |     207.29 +/-      28.42

0110
1011
1001
0000          17 |    -3.92 |      63.21 +/-      11.77

0110
1001
1001
1000           3 |    -3.93 |      31.24 +/-       7.19

0110
1011
1001
1000           2 |    -3.93 |      47.33 +/-      11.53

0010
1001
0100
1000           2 |    -3.93 |      90.79 +/-      22.58

0111
0000
0100
0100           1 |    -3.93 |      43.35 +/-      10.77

0101
1010
1000
0010           4 |    -3.95 |      69.37 +/-      16.56

0100
1000
1101
1000          11 |    -3.98 |      65.90 +/-      13.80

0111
1010
1000
0110           4 |    -3.99 |      47.34 +/-      10.88

0110
1010
0001
1000           2 |    -4.03 |      70.46 +/-      16.99

0110
1011
1000
1010           6 |    -4.09 |      47.29 +/-      10.10

0111
0000
0000
0000           4 |    -4.18 |      84.59 +/-      19.27

0110
1001
1100
1010           1 |    -4.22 |      47.68 +/-      11.07

0101
0000
1100
0100           2 |    -4.23 |      88.24 +/-      20.40

0111
1001
1100
0010           2 |    -4.30 |      47.40 +/-      10.57

0111
1010
0001
0000           5 |    -4.32 |      69.17 +/-      14.84

0010
1000
0100
1000          12 |    -4.33 |     202.09 +/-      43.95

0110
1000
1100
1100          32 |    -4.33 |      80.38 +/-      11.17

0111
1001
0100
0000           1 |    -4.36 |      94.66 +/-      21.50

0110
0001
0001
0000           2 |    -4.40 |      72.47 +/-      16.03

0101
1000
1100
0010           2 |    -4.47 |      69.33 +/-      15.07

0110
1000
0101
1000           3 |    -4.47 |      69.88 +/-      14.95

0100
1000
1100
0010           9 |    -4.48 |      61.80 +/-      11.78

0110
1011
1000
0010          11 |    -4.49 |      62.95 +/-      11.58

0111
1010
1000
0000          66 |    -4.51 |     163.10 +/-      21.53

0110
1001
0001
0000          22 |    -4.56 |      97.51 +/-      16.57

0011
1000
0100
0000           1 |    -4.56 |     198.75 +/-      43.36

0000
1010
1000
1000          31 |    -4.67 |     195.85 +/-      35.28

0110
1010
1000
1100          18 |    -4.74 |      83.27 +/-      13.77

0101
1010
1001
1000           6 |    -4.74 |      61.49 +/-      11.70

0010
1001
0001
0000           2 |    -4.75 |     142.71 +/-      29.65

0100
1000
1100
1000          73 |    -4.75 |     169.76 +/-      20.38

0100
1000
1100
1010           2 |    -4.76 |      66.85 +/-      13.62

0111
1001
1100
0000          12 |    -4.77 |      81.99 +/-      14.68

0111
1011
1000
0000          28 |    -4.81 |      81.95 +/-      11.22

0101
1010
1000
1000          33 |    -4.84 |     133.50 +/-      20.75

0100
1001
1000
0000         125 |    -4.87 |     282.16 +/-      32.28

0111
1010
0000
0010           8 |    -4.92 |      67.94 +/-      12.18

0101
1000
1101
0000           3 |    -4.93 |      68.44 +/-      13.29

0001
1010
1000
0000           9 |    -4.96 |     196.93 +/-      37.90

0110
1010
0000
1000          44 |    -4.98 |     180.16 +/-      27.33

0100
1000
1000
0100          48 |    -5.01 |     142.91 +/-      18.93

0110
1010
1000
0100          48 |    -5.03 |     131.36 +/-      16.57

0101
1000
1100
0000          36 |    -5.08 |     164.08 +/-      25.21

0111
0010
0000
0000           7 |    -5.08 |     190.45 +/-      36.10

0111
1011
1000
0010           5 |    -5.09 |      46.89 +/-       8.23

0111
1000
0101
0000           4 |    -5.12 |      68.07 +/-      12.51

0110
1011
1000
1000          14 |    -5.18 |      82.39 +/-      13.20

0111
1000
0100
0010           1 |    -5.24 |      67.43 +/-      12.68

0110
1010
1000
1000          61 |    -5.24 |     174.18 +/-      21.61

0100
1010
1000
1010           4 |    -5.25 |      68.26 +/-      12.24

0100
1000
1001
1000          34 |    -5.26 |     127.56 +/-      17.79

0110
1001
1100
0010           3 |    -5.29 |      64.48 +/-      11.62

0111
1000
1100
0100          18 |    -5.30 |      82.64 +/-      12.20

0100
1010
1001
1000           3 |    -5.30 |      69.38 +/-      12.52

0110
1010
0000
1010           6 |    -5.30 |      69.35 +/-      11.95

0110
1010
1000
0110           6 |    -5.30 |      60.71 +/-      10.31

0110
1000
0100
1010           5 |    -5.31 |      70.05 +/-      12.25

0100
1000
1001
0100          10 |    -5.36 |      91.56 +/-      15.21

0111
1000
0000
0000          52 |    -5.39 |     177.07 +/-      23.20

0100
1001
1001
0000          14 |    -5.47 |      92.12 +/-      14.27

0110
1000
0100
0010          26 |    -5.51 |     124.67 +/-      17.90

0110
0010
0000
1000           6 |    -5.51 |     203.08 +/-      35.74

0101
1010
1001
0000           1 |    -5.59 |      71.30 +/-      12.57

0001
1000
1000
0000          30 |    -5.61 |     277.96 +/-      44.20

0100
1010
1000
1000          29 |    -5.62 |     174.47 +/-      25.89

0110
1000
0101
0000           9 |    -5.74 |     124.45 +/-      20.12

0010
1010
0000
1000          13 |    -5.75 |     201.68 +/-      32.79

0100
1001
1000
0010           2 |    -5.76 |      96.71 +/-      16.45

0011
1000
0000
0000          22 |    -5.76 |     270.97 +/-      43.22

0101
1000
1000
0010          10 |    -5.77 |     132.95 +/-      21.32

0111
1000
0001
0000          22 |    -5.88 |     124.09 +/-      17.37

0011
1010
0000
0000           3 |    -5.88 |     196.96 +/-      32.99

0111
1010
1000
0100           7 |    -6.04 |      82.41 +/-      12.48

0110
1001
1100
1000           9 |    -6.06 |      84.51 +/-      12.46

0101
1000
1000
0000         107 |    -6.11 |     390.58 +/-      46.42

0000
1000
1000
0100          62 |    -6.35 |     398.10 +/-      52.95

0110
1000
0100
1000          30 |    -6.47 |     176.60 +/-      22.65

0000
1001
1000
0000          49 |    -6.52 |     386.82 +/-      51.85

0111
1000
0100
0000          22 |    -6.67 |     165.52 +/-      21.53

0111
1010
0000
0000          17 |    -6.70 |     163.87 +/-      21.92

0101
1000
1001
0000          15 |    -6.83 |     131.50 +/-      17.06

0100
0001
1000
0000          18 |    -7.29 |     392.98 +/-      51.45

0101
1010
1000
0000           8 |    -7.49 |     172.23 +/-      21.94

0010
1001
0000
0000          27 |    -7.71 |     384.57 +/-      46.37

