gtrieScanner Results
------------------------------------------
General Information

Start of Computation: 06h39m40s 08/04/2013
End of Computation: 06h39m56s 08/04/2013

Subgraph Size: 6
Graph File: "hermelegans-gap-el.csv"
Directed: NO
Nr Nodes: 279
Nr Edges: 514

Method: ESU on original network
Different Types of Subgraphs Found [Original Network]: 104
Subgraph Occurrences Found [Original Network]: 4086382
Time for computing census on original network: 4.373126s
Average time for census on random network: 0.118467s

Number of random networks: 100
Random seed: 1365417580
Exchanges per edge: 3
Number of tries per exchange: 10
------------------------------------------
Motif Analysis Results

Graph    Org_Freq |  Z-score |    Rnd_Avg +/-    Rnd_Dev

011111
101111
110000
110000
110000
110000      12920 |   220.23 |      46.96 +/-      58.45

011111
101111
110100
111000
110000
110000       3304 |   137.19 |      14.21 +/-      23.98

011111
101111
110100
111000
110001
110010         65 |    71.92 |       0.28 +/-       0.90

011111
101111
110110
111000
111000
110000        280 |    30.05 |       3.17 +/-       9.21

011111
101110
110000
110000
110000
100000      52826 |    26.35 |    2556.11 +/-    1907.94

011100
101000
110000
100011
000101
000110       1935 |    17.22 |     334.47 +/-      92.97

011111
101110
110001
110000
110000
101000       4191 |    16.17 |     262.37 +/-     242.93

011110
101110
110001
110000
110000
001000      12477 |    15.89 |     963.57 +/-     724.48

011111
101110
110110
111001
111001
100110          7 |    14.98 |       0.10 +/-       0.46

011111
101100
110011
110010
101100
101000        238 |    13.14 |      13.52 +/-      17.08

011101
101101
110010
110010
001100
110000        334 |    12.80 |      29.64 +/-      23.78

011111
101111
110110
111001
111000
110100         11 |    12.54 |       0.25 +/-       0.86

011110
101110
110101
111001
110000
001100        131 |    11.37 |       5.52 +/-      11.03

011111
101110
110100
111000
110000
100000       7060 |    11.06 |     438.22 +/-     598.82

011111
101110
110100
111000
110001
100010        196 |    10.80 |      12.32 +/-      17.01

011110
101110
110100
111000
110001
000010        750 |    10.52 |      50.88 +/-      66.46

011111
101110
110110
111001
111000
100100         93 |    10.47 |       3.18 +/-       8.58

011111
101100
110011
110011
101100
101100          5 |    10.35 |       0.19 +/-       0.46

011111
101111
110111
111000
111000
111000          4 |     9.60 |       0.05 +/-       0.41

011100
101000
110000
100010
000101
000010      47893 |     8.38 |   24955.83 +/-    2737.47

011100
101100
110010
110000
001001
000010      12863 |     8.36 |    3164.27 +/-    1160.62

011111
101110
110101
111000
110001
101010         25 |     8.17 |       1.22 +/-       2.91

011100
101100
110011
110000
001001
001010        737 |     7.33 |     165.10 +/-      78.06

011110
101100
110100
111000
100001
000010       1507 |     5.95 |     205.72 +/-     218.58

011111
101110
110101
111000
110000
101000        419 |     5.86 |      36.56 +/-      65.27

011110
101100
110000
110000
100001
000010      26274 |     5.63 |    8327.08 +/-    3186.19

011111
101100
110100
111000
100001
100010         93 |     4.90 |      13.89 +/-      16.14

011110
101110
110101
111001
110001
001110          2 |     4.73 |       0.11 +/-       0.40

011100
101100
110010
110010
001101
000010        429 |     4.48 |     129.77 +/-      66.81

011111
101110
110110
111000
111000
100000        327 |     4.47 |      25.28 +/-      67.44

011110
101110
110001
110001
110001
001110          4 |     4.25 |       0.50 +/-       0.82

011110
101101
110010
110001
101001
010110         14 |     3.87 |       3.14 +/-       2.80

011111
101100
110010
110010
101100
100000        232 |     3.57 |      43.79 +/-      52.68

011111
101100
110010
110001
101000
100100        346 |     3.49 |      96.19 +/-      71.52

011110
101101
110010
110001
101000
010100        231 |     3.39 |      58.45 +/-      50.97

011110
101101
110011
110011
101100
011100          3 |     3.35 |       0.34 +/-       0.79

011111
101000
110000
100011
100100
100100       1744 |     3.30 |     639.93 +/-     334.60

011110
101110
110101
111000
110000
001000       1538 |     3.20 |     268.22 +/-     396.31

011111
101100
110010
110001
101001
100110          6 |     2.77 |       1.07 +/-       1.78

011110
101110
110101
111000
110001
001010         36 |     2.75 |       7.24 +/-      10.45

011110
101100
110011
110010
101100
001000        396 |     2.56 |     102.85 +/-     114.70

011110
101110
110110
111001
111000
000100         63 |     2.47 |       9.62 +/-      21.64

011111
101100
110000
110000
100000
100000      65483 |     2.40 |   34240.34 +/-   13012.36

011110
101100
110010
110001
101001
000110         51 |     2.38 |      21.16 +/-      12.51

011100
101100
110010
110001
001001
000110        125 |     2.37 |      62.01 +/-      26.59

011101
101100
110010
110000
001001
100010       1279 |     2.26 |     672.53 +/-     268.08

011111
101100
110100
111000
100000
100000       2880 |     2.16 |     839.26 +/-     945.31

011100
101100
110011
110011
001101
001110          2 |     2.11 |       0.31 +/-       0.80

011110
101101
110011
110010
101100
011000         28 |     2.09 |       7.26 +/-       9.94

011110
101100
110010
110001
101000
000100       2995 |     2.04 |    1377.20 +/-     793.14

011111
101100
110010
110000
101000
100000       5564 |     1.68 |    2805.71 +/-    1646.48

011111
101000
110000
100010
100100
100000      10567 |     1.63 |    6715.85 +/-    2357.10

011100
101100
110010
110001
001000
000100       5759 |     1.52 |    3463.77 +/-    1505.27

011110
101101
110000
110000
100000
010000      39613 |     1.32 |   24709.45 +/-   11265.92

011110
101110
110110
111001
111001
000110          1 |     1.29 |       0.20 +/-       0.62

011010
100110
100101
011001
110000
001100         98 |     1.14 |      64.00 +/-      29.72

011100
101000
110000
100011
000100
000100      39195 |     1.13 |   33044.15 +/-    5456.24

011100
101100
110011
110000
001000
001000      12655 |     0.82 |    9250.29 +/-    4134.20

011110
101101
110100
111000
100000
010000       3152 |     0.80 |    1579.72 +/-    1958.99

011110
101101
110100
111000
100001
010010         47 |     0.74 |      25.74 +/-      28.77

011110
101101
110010
110000
101000
010000       5437 |     0.73 |    3680.48 +/-    2391.01

011101
101100
110010
110010
001101
100010         33 |     0.65 |      23.11 +/-      15.31

011111
101000
110000
100000
100000
100000     228288 |     0.63 |  209140.69 +/-   30447.33

011100
101100
110011
110010
001101
001010         29 |     0.54 |      21.73 +/-      13.58

011110
101100
110011
110011
101100
001100          6 |     0.50 |       3.54 +/-       4.91

011110
101101
110011
110000
101000
011000         74 |     0.37 |      53.64 +/-      54.72

011100
101100
110011
110010
001100
001000        786 |     0.37 |     662.70 +/-     331.46

011100
101010
110001
100011
010101
001110          2 |     0.35 |       1.41 +/-       1.67

011101
101100
110010
110000
001000
100000      37092 |     0.00 |   37029.83 +/-   16935.61

011100
101100
110011
110011
001100
001100         12 |    -0.13 |      14.41 +/-      18.09

011101
101000
110000
100010
000101
100010       1643 |    -0.14 |    1685.45 +/-     309.07

011101
101100
110011
110010
001100
101000        101 |    -0.22 |     116.45 +/-      69.37

011101
101100
110010
110010
001100
100000        551 |    -0.37 |     676.34 +/-     338.30

011000
100111
100111
011000
011000
011000          5 |    -0.67 |      43.96 +/-      57.72

011110
101000
110000
100011
100100
000100       5930 |    -0.77 |    8096.69 +/-    2824.18

011000
100111
100110
011000
011000
010000       1245 |    -0.93 |    2920.55 +/-    1806.42

011000
100110
100101
011000
010000
001000      23874 |    -1.03 |   33935.29 +/-    9798.38

011110
101101
110000
110000
100001
010010        246 |    -1.08 |     458.48 +/-     196.96

011100
101010
110001
100011
010100
001100         72 |    -1.12 |     127.35 +/-      49.60

011001
100110
100110
011001
011000
100100          1 |    -1.15 |      30.53 +/-      25.75

011100
101010
110000
100001
010001
000110       1094 |    -1.21 |    1342.63 +/-     205.48

011101
101000
110000
100010
000100
100000     120426 |    -1.35 |  157190.25 +/-   27293.33

011011
101100
110000
010011
100100
100100        109 |    -1.38 |     347.02 +/-     172.95

011100
101010
110000
100011
010100
000100       4419 |    -1.39 |    6447.24 +/-    1463.65

011000
100110
100101
011000
010001
001010        317 |    -1.41 |     689.68 +/-     264.62

011011
100110
100101
011000
110000
101000        153 |    -1.45 |     337.41 +/-     127.51

011001
100110
100110
011000
011000
100000        266 |    -1.87 |    1603.40 +/-     715.11

011100
101001
110000
100010
000100
010000      84925 |    -2.03 |  130842.05 +/-   22662.88

011100
101010
110001
100010
010100
001000       1419 |    -2.04 |    3137.25 +/-     841.34

011100
101010
110001
100000
010000
001000      16253 |    -2.08 |   53085.83 +/-   17722.16

011011
101100
110000
010000
100000
100000     141271 |    -2.76 |  408279.35 +/-   96703.29

011001
100110
100100
011000
010001
100010        151 |    -2.86 |     668.52 +/-     181.01

011011
101100
110000
010010
100100
100000       5211 |    -3.11 |   16410.78 +/-    3603.45

011000
100100
100010
010001
001001
000110        652 |    -3.16 |    1501.61 +/-     269.12

011111
100000
100000
100000
100000
100000     696327 |    -3.28 |  852073.30 +/-   47522.60

011000
100100
100011
010010
001100
001000      10968 |    -3.30 |   25282.27 +/-    4333.59

011000
100111
100100
011000
010000
010000      35563 |    -3.72 |   80345.15 +/-   12032.98

011000
100110
100100
011000
010001
000010       9531 |    -4.25 |   24843.90 +/-    3603.09

011010
100101
100100
011000
100000
010000      11648 |    -4.58 |   65746.77 +/-   11804.61

011000
100100
100011
010000
001000
001000     650890 |    -4.87 | 1061552.57 +/-   84315.50

011001
100110
100000
010000
010000
100000     187252 |    -5.09 |  747001.27 +/-  110053.86

011000
100100
100010
010001
001000
000100     192631 |    -5.71 |  350959.38 +/-   27707.46

011001
100100
100010
010000
001000
100000     305417 |    -9.46 | 1040215.59 +/-   77670.99

011000
100111
100000
010000
010000
010000     922559 |    -9.90 | 2241816.87 +/-  133319.78

