gtrieScanner Results
------------------------------------------
General Information

Start of Computation: 06h25m23s 08/04/2013
End of Computation: 06h25m30s 08/04/2013

Subgraph Size: 4
Graph File: "hermelegans-chem-el.csv"
Directed: YES
Nr Nodes: 279
Nr Edges: 2194

Method: ESU on original network
Different Types of Subgraphs Found [Original Network]: 198
Subgraph Occurrences Found [Original Network]: 918550
Time for computing census on original network: 0.506916s
Average time for census on random network: 0.056192s

Number of random networks: 100
Random seed: 1365416723
Exchanges per edge: 3
Number of tries per exchange: 10
------------------------------------------
Motif Analysis Results

Graph   Org_Freq |  Z-score |    Rnd_Avg +/-    Rnd_Dev

0111
1011
1101
1110           6 |      inf |       0.00 +/-       0.00

0111
1011
1101
0000          68 |    78.31 |       0.39 +/-       0.86

0111
1011
1100
1100          31 |    66.27 |       0.16 +/-       0.47

0111
1011
0001
0010          77 |    59.03 |       1.22 +/-       1.28

0101
1001
1100
0000        2212 |    58.69 |     149.25 +/-      35.15

0111
1011
0000
0000        1284 |    58.67 |      64.80 +/-      20.78

0110
1010
1100
1110          58 |    56.38 |       0.49 +/-       1.02

0111
1011
1100
0000         340 |    45.58 |       6.04 +/-       7.33

0111
1011
1101
1000          17 |    38.75 |       0.21 +/-       0.43

0111
1010
1100
1110          26 |    38.31 |       0.29 +/-       0.67

0111
1011
1101
1100          17 |    38.20 |       0.13 +/-       0.44

0111
1011
1001
0000         172 |    38.12 |       7.01 +/-       4.33

0110
1010
1000
1110         170 |    35.95 |       9.39 +/-       4.47

0111
1001
1101
0100          41 |    31.13 |       1.17 +/-       1.28

0111
1001
1100
0000         624 |    30.88 |      46.32 +/-      18.70

0110
1010
0001
0010         694 |    29.29 |      68.42 +/-      21.36

0110
1010
0001
0000        3763 |    29.15 |     588.59 +/-     108.89

0110
1010
0000
0010        5060 |    28.15 |     865.26 +/-     149.03

0100
1000
1100
1100        1165 |    26.35 |     124.28 +/-      39.50

0101
1001
1101
0000         155 |    25.85 |      15.37 +/-       5.40

0110
1010
1100
1100         271 |    24.87 |       8.80 +/-      10.54

0111
1011
0001
0000         152 |    24.55 |      12.23 +/-       5.69

0100
1000
1001
0010        4046 |    23.49 |     610.49 +/-     146.26

0100
1000
1101
1100         179 |    23.03 |      17.12 +/-       7.03

0111
1010
0001
0010         180 |    20.63 |      20.74 +/-       7.72

0111
1001
1001
0000         190 |    19.38 |      18.84 +/-       8.83

0111
1011
1100
1010          18 |    18.03 |       0.53 +/-       0.97

0100
1000
1101
0010         384 |    17.70 |      55.93 +/-      18.54

0111
1010
1100
1100          78 |    16.99 |       2.80 +/-       4.43

0110
1000
1100
1100         513 |    16.66 |      71.54 +/-      26.50

0110
1010
1100
1000        1032 |    15.26 |      59.14 +/-      63.73

0111
1011
1000
0000         330 |    15.10 |      45.16 +/-      18.87

0110
1010
0000
1000        8411 |    14.56 |    2515.37 +/-     405.01

0111
1010
1100
0000         792 |    14.52 |      48.16 +/-      51.22

0111
1010
0000
0000        7575 |    14.44 |    2323.15 +/-     363.75

0111
1010
1100
1000         121 |    14.03 |       7.06 +/-       8.12

0111
1011
1001
1000          28 |    13.49 |       1.74 +/-       1.95

0111
1010
0000
0010         603 |    13.43 |     160.24 +/-      32.96

0110
1010
0000
1010         783 |    13.21 |     221.87 +/-      42.47

0111
1010
0001
0000         456 |    11.72 |     139.94 +/-      26.98

0111
1011
1100
1000          35 |    11.64 |       1.93 +/-       2.84

0110
1001
0001
0010         150 |    11.03 |      34.62 +/-      10.46

0110
1010
1000
1100         297 |    10.82 |      59.56 +/-      21.95

0111
1001
1000
0000        1261 |    10.57 |     329.83 +/-      88.07

0101
1000
1100
0000        6512 |     9.43 |    2689.37 +/-     405.38

0110
1011
1000
0110          45 |     8.93 |       5.87 +/-       4.38

0100
1000
1100
1010         484 |     8.90 |     187.97 +/-      33.28

0110
1001
1100
0000        1255 |     8.87 |     315.34 +/-     105.90

0100
1000
1101
1000         506 |     8.84 |     185.60 +/-      36.23

0110
1000
0001
0000       16851 |     8.62 |    8637.13 +/-     952.58

0110
1010
1000
0110         185 |     8.55 |      42.20 +/-      16.71

0110
1000
1100
0100        1601 |     8.48 |     405.05 +/-     141.01

0110
1011
1000
1010          33 |     8.47 |       6.20 +/-       3.17

0111
1000
1100
1100          41 |     8.38 |       5.95 +/-       4.18

0100
1000
1100
1000        8088 |     8.31 |    3420.45 +/-     561.46

0111
1010
1100
0110          15 |     8.05 |       1.04 +/-       1.73

0110
1001
1101
0100          37 |     7.90 |       5.16 +/-       4.03

0111
1001
1100
0100          54 |     7.88 |       7.33 +/-       5.92

0111
1011
1100
0010          12 |     7.59 |       0.81 +/-       1.48

0111
1011
1000
0010          30 |     7.45 |       5.83 +/-       3.24

0110
1000
0000
0010       20377 |     7.36 |   11226.09 +/-    1243.55

0110
1001
1000
0100         363 |     7.31 |      84.51 +/-      38.08

0110
1010
0001
1010          76 |     7.07 |      20.94 +/-       7.79

0110
1011
1001
0000         115 |     6.84 |      31.64 +/-      12.19

0100
1000
1101
0000        1726 |     6.84 |     808.66 +/-     134.19

0111
1001
0101
0000          80 |     6.81 |      23.83 +/-       8.25

0110
1001
1100
0100         198 |     6.76 |      43.99 +/-      22.79

0100
1000
1100
0010        1336 |     6.63 |     619.02 +/-     108.09

0100
1001
1001
0010          96 |     6.33 |      35.11 +/-       9.62

0110
1011
1000
0100         143 |     6.03 |      36.04 +/-      17.75

0110
1001
1100
1100          27 |     5.96 |       4.35 +/-       3.80

0111
0011
0001
0000         312 |     5.85 |     133.66 +/-      30.48

0101
1000
1101
0000         370 |     5.82 |     188.74 +/-      31.13

0101
1000
1101
0100          74 |     5.79 |      28.14 +/-       7.92

0101
1000
1101
1000          71 |     5.72 |      20.42 +/-       8.84

0100
0000
1100
1100        1454 |     5.41 |     828.46 +/-     115.58

0111
1010
1000
0000        1288 |     5.39 |     475.67 +/-     150.60

0110
1001
1100
0110          24 |     5.36 |       5.06 +/-       3.54

0110
1001
1001
0100          56 |     5.17 |      15.46 +/-       7.84

0110
1011
1000
0000         819 |     5.06 |     311.37 +/-     100.36

0110
1010
1000
0100         823 |     4.98 |     321.77 +/-     100.68

0111
1000
0101
0010          44 |     4.87 |      16.54 +/-       5.64

0101
0001
1100
0000        1638 |     4.47 |    1026.38 +/-     136.77

0110
1000
0101
0010         236 |     4.46 |     109.07 +/-      28.46

0111
1010
1100
0100          77 |     4.45 |      11.75 +/-      14.67

0101
1000
1100
1000         952 |     4.35 |     429.89 +/-     120.15

0110
1000
1000
0110         177 |     4.31 |      77.81 +/-      23.03

0111
1001
1100
1000          34 |     4.24 |       9.28 +/-       5.83

0111
1000
0001
0000        1753 |     4.19 |    1222.81 +/-     126.60

0110
1010
1000
1000        1377 |     4.17 |     577.97 +/-     191.45

0111
1010
1000
1000         252 |     4.13 |      84.78 +/-      40.46

0110
1001
1101
1100           8 |     4.07 |       1.50 +/-       1.60

0100
1000
1000
0010       13818 |     3.97 |    9543.66 +/-    1077.52

0110
1001
1000
0000        3812 |     3.87 |    1905.06 +/-     493.03

0111
1011
1001
0100           7 |     3.85 |       1.22 +/-       1.50

0111
1011
1000
1000          20 |     3.77 |       4.83 +/-       4.03

0110
1001
1001
0000         136 |     3.74 |      64.90 +/-      19.00

0100
1000
1001
0000       17333 |     3.57 |   12395.48 +/-    1382.44

0100
1000
1001
1000        2397 |     3.47 |    1703.13 +/-     199.69

0101
1010
1001
0000         204 |     3.32 |     133.67 +/-      21.18

0111
1011
1001
0110           2 |     3.28 |       0.22 +/-       0.54

0111
0011
0000
0000         823 |     3.25 |     601.40 +/-      68.26

0110
1000
1000
0100        3761 |     3.03 |    2056.01 +/-     562.52

0110
1001
0001
0000         970 |     3.03 |     718.97 +/-      82.83

0110
1001
1001
0110           2 |     2.97 |       0.32 +/-       0.57

0111
1001
0100
0000         334 |     2.85 |     209.16 +/-      43.75

0101
1001
1101
0010           6 |     2.84 |       1.83 +/-       1.47

0110
1011
1000
0010          65 |     2.72 |      31.51 +/-      12.32

0111
1000
0000
0000       18030 |     2.61 |   14664.48 +/-    1288.41

0111
1001
1000
0010          45 |     2.50 |      25.21 +/-       7.93

0111
1011
1000
0100          10 |     2.20 |       3.34 +/-       3.03

0111
1000
1100
0100          82 |     2.01 |      44.85 +/-      18.47

0110
1011
1001
0100          11 |     1.87 |       4.70 +/-       3.37

0110
1001
0101
1010           2 |     1.65 |       0.55 +/-       0.88

0111
1000
1000
0000        3446 |     1.59 |    2427.40 +/-     640.62

0110
1001
0000
0000       10051 |     1.55 |    8568.34 +/-     957.17

0101
1010
1001
1000          43 |     1.55 |      28.82 +/-       9.16

0100
1010
1000
1010         234 |     1.53 |     187.57 +/-      30.30

0111
1001
0101
0010           8 |     1.49 |       3.98 +/-       2.70

0110
1001
1100
1000          56 |     0.96 |      41.03 +/-      15.67

0001
1010
1000
0000       13089 |     0.82 |   12259.62 +/-    1008.37

0110
1001
1000
0010         131 |     0.79 |     108.42 +/-      28.57

0111
1010
1000
0110           8 |     0.73 |       5.48 +/-       3.45

0100
1000
1000
0100       11366 |     0.70 |   10368.95 +/-    1431.77

0101
1000
1001
0000        1849 |     0.68 |    1736.31 +/-     166.50

0110
1011
1000
1000          53 |     0.65 |      42.20 +/-      16.55

0111
1010
1000
0100          42 |     0.60 |      34.37 +/-      12.80

0101
1010
1001
0010          20 |     0.56 |      16.32 +/-       6.63

0111
1000
1000
1000         196 |     0.41 |     158.43 +/-      91.64

0110
1011
1001
1000           6 |     0.38 |       4.90 +/-       2.92

0110
1000
1000
1000        3244 |     0.35 |    2953.04 +/-     828.22

0111
0000
0100
0100         585 |     0.31 |     565.22 +/-      63.55

0111
1000
0101
0100          21 |     0.22 |      19.51 +/-       6.87

0110
1011
1001
0110           1 |     0.10 |       0.82 +/-       1.78

0100
1001
1001
0000        1024 |     0.02 |    1021.80 +/-     110.97

0100
1000
1001
0100         855 |    -0.02 |     856.80 +/-     115.75

0111
1001
1100
0010           4 |    -0.02 |       4.06 +/-       2.76

0101
1000
1100
0100         288 |    -0.02 |     289.40 +/-      63.29

0111
1001
1100
0110           1 |    -0.05 |       1.05 +/-       1.05

0111
1001
0100
0010          16 |    -0.05 |      16.26 +/-       5.25

0110
1001
1001
1000          14 |    -0.06 |      14.44 +/-       6.82

0110
1001
1100
0010          24 |    -0.07 |      24.68 +/-       9.99

0000
1010
1000
1000       17623 |    -0.18 |   17844.61 +/-    1226.62

0100
1001
1000
0000       18485 |    -0.21 |   18924.72 +/-    2125.80

0101
1000
1000
0000       31695 |    -0.34 |   32628.46 +/-    2784.44

0101
1010
1000
1000         265 |    -0.45 |     304.54 +/-      87.61

0111
1000
1000
0100         231 |    -0.49 |     267.61 +/-      74.07

0111
1000
0101
1000           9 |    -0.63 |      12.23 +/-       5.12

0110
1000
0100
0010        1103 |    -0.66 |    1218.61 +/-     173.96

0110
1001
1100
1010           3 |    -0.70 |       4.93 +/-       2.77

0101
0000
1100
0100        1048 |    -0.76 |    1160.25 +/-     147.65

0111
1000
0101
0000         117 |    -0.77 |     133.72 +/-      21.61

0110
1010
0001
1000          87 |    -0.99 |     110.41 +/-      23.64

0101
1001
1100
0010           4 |    -1.01 |       7.42 +/-       3.40

0101
1000
1100
0110          11 |    -1.27 |      19.50 +/-       6.68

0100
1000
1000
1000       18010 |    -1.31 |   20820.80 +/-    2151.69

0110
1000
0101
0000         946 |    -1.34 |    1147.95 +/-     150.54

0110
1000
0100
1010         108 |    -1.64 |     153.53 +/-      27.81

0110
1001
0101
1000           6 |    -1.70 |      15.11 +/-       5.37

0101
1010
1000
0000        1435 |    -1.79 |    1893.11 +/-     256.00

0011
1001
0101
0000          13 |    -1.92 |      30.49 +/-       9.11

0111
0001
0100
0010          13 |    -1.99 |      32.91 +/-       9.99

0111
1000
0100
0000        1324 |    -2.18 |    1889.04 +/-     259.29

0111
1000
0100
0100          36 |    -2.29 |     103.65 +/-      29.59

0111
1000
0100
0010          67 |    -2.36 |     111.85 +/-      19.00

0100
1010
1001
1000          76 |    -2.56 |     131.34 +/-      21.63

0110
1001
0100
1000          20 |    -2.65 |      82.21 +/-      23.46

0011
1001
0100
0010          12 |    -2.85 |      68.50 +/-      19.81

0100
1010
1000
1000        1460 |    -2.91 |    2422.32 +/-     330.13

0110
1000
0100
1000        1111 |    -3.13 |    2042.22 +/-     297.90

0111
0001
0100
0000         629 |    -3.13 |    1002.33 +/-     119.35

0110
1000
0101
1000          39 |    -3.21 |     108.10 +/-      21.53

0101
1010
1000
0010          27 |    -3.39 |     108.60 +/-      24.10

0101
1000
1100
0010          36 |    -3.61 |     107.40 +/-      19.77

0010
1010
0000
1000       11050 |    -4.13 |   16026.68 +/-    1206.02

0011
1000
0100
0100          36 |    -4.44 |     299.53 +/-      59.33

0000
1001
1001
0000        2274 |    -4.50 |    2960.43 +/-     152.50

0110
0010
0000
1000        7332 |    -4.52 |   11286.55 +/-     875.27

0001
1000
1000
0000      100866 |    -4.54 |  134573.34 +/-    7426.31

0101
1000
1000
0010         385 |    -4.76 |    1013.63 +/-     132.09

0011
1010
0000
0000        9465 |    -4.81 |   14500.84 +/-    1046.92

0100
1001
1000
0010         263 |    -5.34 |     595.60 +/-      62.34

0010
1001
0100
1000          81 |    -5.53 |     599.87 +/-      93.77

0001
1000
1100
0100         138 |    -5.54 |     852.07 +/-     128.90

0011
1000
0000
0000       83899 |    -5.65 |  119355.81 +/-    6278.14

0011
1001
0100
0000         125 |    -5.96 |     719.17 +/-      99.65

0111
0010
0000
0000        8739 |    -6.05 |   13754.82 +/-     829.54

0000
1000
1000
1000       44566 |    -6.47 |   64298.22 +/-    3047.87

0110
0001
0001
0000        2253 |    -6.97 |    3544.30 +/-     185.27

0010
1000
0100
1000        1520 |    -7.78 |    9513.77 +/-    1027.41

0011
1000
0100
0000        1464 |    -8.37 |    8631.48 +/-     856.01

0111
0000
0000
0000       28260 |    -9.31 |   46178.99 +/-    1924.05

0100
0001
1000
0010          94 |   -12.00 |    1058.77 +/-      80.42

0010
1001
0001
0000        2131 |   -13.46 |    7072.56 +/-     367.00

0100
0001
1000
0000       55804 |   -14.29 |  113511.60 +/-    4038.91

0000
1000
1000
0100       72809 |   -16.10 |  147937.95 +/-    4666.78

0010
1001
0000
0000       70854 |   -16.38 |  142200.63 +/-    4356.09

0000
1001
1000
0000       93558 |   -19.89 |  185481.74 +/-    4621.34

