gtrieScanner Results
------------------------------------------
General Information

Start of Computation: 07h05m58s 08/04/2013
End of Computation: 07h06m04s 08/04/2013

Subgraph Size: 4
Graph File: "hermelegans-chem-el.csv"
Directed: YES
Nr Nodes: 279
Nr Edges: 2194

Method: GTRIE with file containing complete g-trie
Different Types of Subgraphs Found [Original Network]: 198
Subgraph Occurrences Found [Original Network]: 918550
Time for computing census on original network: 0.060957s
Average time for census on random network: 0.057565s

Number of random networks: 100
Random seed: 1365419158
Exchanges per edge: 3
Number of tries per exchange: 10
------------------------------------------
Motif Analysis Results

Graph   Org_Freq |  Z-score |    Rnd_Avg +/-    Rnd_Dev

0111
1011
1101
1110           6 |      inf |       0.00 +/-       0.00

0111
1011
1101
0000          68 |    83.71 |       0.43 +/-       0.81

0111
1011
0001
0010          77 |    67.08 |       1.28 +/-       1.13

0111
1011
0000
0000        1284 |    58.30 |      65.34 +/-      20.90

0111
1011
1100
1100          31 |    57.06 |       0.25 +/-       0.54

0101
1001
1100
0000        2212 |    55.76 |     151.93 +/-      36.94

0110
1010
1100
1110          58 |    51.23 |       0.73 +/-       1.12

0111
1011
1001
0000         172 |    43.94 |       6.95 +/-       3.76

0111
1011
1100
0000         340 |    43.69 |       6.82 +/-       7.63

0111
1011
1101
1000          17 |    37.38 |       0.20 +/-       0.45

0110
1010
0001
0010         694 |    34.10 |      65.21 +/-      18.44

0111
1011
1101
1100          17 |    33.36 |       0.13 +/-       0.51

0110
1010
1000
1110         170 |    32.64 |       9.65 +/-       4.91

0110
1010
0001
0000        3763 |    31.64 |     570.13 +/-     100.93

0110
1010
0000
0010        5060 |    29.28 |     851.37 +/-     143.73

0111
1001
1101
0100          41 |    29.26 |       1.46 +/-       1.35

0100
1000
1001
0010        4046 |    27.58 |     598.39 +/-     125.00

0110
1010
0000
1110         155 |    26.42 |      15.75 +/-       5.27

0111
1011
0001
0000         152 |    26.23 |      11.47 +/-       5.36

0100
1000
1100
1100        1165 |    26.08 |     125.95 +/-      39.85

0111
1001
1100
0000         624 |    25.96 |      50.32 +/-      22.10

0100
1000
1101
1100         179 |    25.88 |      16.37 +/-       6.28

0111
1010
0001
0010         180 |    22.65 |      18.67 +/-       7.12

0110
1010
1100
1100         271 |    22.22 |      10.53 +/-      11.72

0111
1010
1100
1110          26 |    21.52 |       0.61 +/-       1.18

0100
1000
1101
0010         384 |    21.15 |      51.97 +/-      15.70

0111
1011
1100
1010          18 |    19.82 |       0.55 +/-       0.88

0111
1010
0000
1010         190 |    19.19 |      18.52 +/-       8.94

0111
1010
1100
1100          78 |    17.78 |       3.53 +/-       4.19

0111
1010
0000
0010         603 |    15.98 |     152.42 +/-      28.20

0110
1010
0000
1010         783 |    15.58 |     215.09 +/-      36.45

0111
1010
0000
0000        7575 |    15.25 |    2304.64 +/-     345.66

0110
1010
1100
1000        1032 |    15.05 |      63.71 +/-      64.35

0110
1010
0000
1000        8411 |    14.54 |    2501.97 +/-     406.38

0110
1000
1100
1100         513 |    14.43 |      79.03 +/-      30.07

0111
1011
1000
0000         330 |    14.42 |      49.39 +/-      19.46

0111
1010
1100
0000         792 |    13.92 |      52.55 +/-      53.12

0111
1010
0001
0000         456 |    12.51 |     132.56 +/-      25.85

0110
1001
0001
0010         150 |    11.94 |      34.20 +/-       9.70

0111
1010
1100
1000         121 |    11.62 |       8.58 +/-       9.68

0110
1011
1000
0110          45 |    11.41 |       5.17 +/-       3.49

0110
1000
0001
0000       16851 |    10.48 |    8594.85 +/-     787.43

0100
1000
1101
1000         506 |     9.71 |     183.04 +/-      33.28

0111
1011
1001
1000          28 |     9.66 |       2.60 +/-       2.63

0110
1010
1000
1100         297 |     9.59 |      61.36 +/-      24.57

0111
1010
1100
0110          15 |     9.52 |       1.00 +/-       1.47

0110
1010
1000
0110         185 |     9.45 |      42.55 +/-      15.08

0100
1000
1100
1010         484 |     9.20 |     182.04 +/-      32.82

0111
1010
0000
0110          80 |     9.19 |      22.88 +/-       6.22

0111
1011
1100
1000          35 |     8.94 |       2.67 +/-       3.62

0111
1001
1000
0000        1261 |     8.85 |     342.44 +/-     103.83

0110
1001
1100
0000        1255 |     8.65 |     324.83 +/-     107.51

0111
1001
1100
0100          54 |     8.65 |       8.05 +/-       5.31

0101
1000
1100
0000        6512 |     8.63 |    2742.87 +/-     436.53

0110
1000
1100
0100        1601 |     8.38 |     416.54 +/-     141.38

0110
1001
1101
0100          37 |     8.14 |       5.51 +/-       3.87

0110
1000
0000
0010       20377 |     8.02 |   11183.08 +/-    1146.71

0100
1000
1100
1000        8088 |     7.80 |    3484.70 +/-     590.37

0110
1011
1001
0000         115 |     7.57 |      30.97 +/-      11.10

0100
1000
1101
0000        1726 |     7.40 |     793.17 +/-     126.02

0110
1011
1000
1010          33 |     7.32 |       6.77 +/-       3.58

0110
1010
0001
1010          76 |     7.23 |      19.07 +/-       7.87

0111
1011
1100
0010          12 |     7.20 |       1.05 +/-       1.52

0111
1011
1000
0010          30 |     7.14 |       5.78 +/-       3.39

0111
0011
0001
0000         312 |     7.12 |     129.39 +/-      25.64

0100
1000
1100
0010        1336 |     6.99 |     603.45 +/-     104.79

0110
1001
1100
0100         198 |     6.92 |      45.02 +/-      22.10

0100
0000
1100
1100        1454 |     6.68 |     806.59 +/-      96.94

0110
1001
1000
0100         363 |     6.57 |      92.93 +/-      41.08

0110
1011
1000
0100         143 |     6.53 |      36.85 +/-      16.24

0101
1000
1101
1000          71 |     5.92 |      20.91 +/-       8.46

0110
1001
1100
0110          24 |     5.92 |       5.38 +/-       3.15

0110
1000
0100
1110          74 |     5.65 |      27.28 +/-       8.27

0101
1000
1101
0000         370 |     5.57 |     191.02 +/-      32.15

0110
1000
0001
0110          96 |     5.53 |      33.84 +/-      11.24

0110
1011
1000
0000         819 |     5.33 |     310.39 +/-      95.35

0100
1000
1000
0010       13818 |     5.25 |    9531.70 +/-     816.62

0101
0001
1100
0000        1638 |     5.22 |    1006.73 +/-     120.82

0111
1011
1001
0100           7 |     5.14 |       1.08 +/-       1.15

0110
1001
1100
1100          27 |     5.11 |       5.19 +/-       4.27

0111
1000
1100
1100          41 |     4.92 |       8.21 +/-       6.66

0110
1010
1000
0100         823 |     4.92 |     325.72 +/-     101.09

0111
1010
1100
0100          77 |     4.75 |      12.11 +/-      13.66

0001
1010
1000
1000        2397 |     4.72 |    1693.57 +/-     149.12

0111
1000
0101
0010          44 |     4.52 |      16.01 +/-       6.19

0100
1000
1001
0000       17333 |     4.46 |   12309.58 +/-    1126.17

0111
0010
0000
1000        1753 |     4.31 |    1202.14 +/-     127.75

0110
1001
1001
0100          56 |     4.20 |      15.81 +/-       9.56

0111
1010
1000
0000        1288 |     4.16 |     515.09 +/-     185.73

0101
1000
1100
1000         952 |     4.06 |     447.24 +/-     124.44

0110
1000
0101
0010         236 |     4.02 |     110.79 +/-      31.18

0110
1000
1000
0110         177 |     3.84 |      77.86 +/-      25.82

0110
1001
1101
1100           8 |     3.81 |       1.54 +/-       1.70

0111
1011
1001
0110           2 |     3.53 |       0.22 +/-       0.50

0110
1010
1000
1000        1377 |     3.45 |     620.12 +/-     219.21

0111
1011
1000
1000          20 |     3.40 |       5.32 +/-       4.32

0110
1001
1000
0000        3812 |     3.36 |    1972.42 +/-     547.06

0111
0011
0000
0000         823 |     3.32 |     585.46 +/-      71.46

0110
1001
1001
0000         136 |     3.30 |      67.86 +/-      20.64

0110
1001
0001
0000         970 |     3.16 |     718.96 +/-      79.43

0101
1010
1001
0000         204 |     3.07 |     133.16 +/-      23.09

0110
1011
1000
0010          65 |     2.88 |      30.53 +/-      11.98

0111
1001
0100
0000         334 |     2.84 |     211.29 +/-      43.16

0111
1010
1000
1000         252 |     2.84 |      95.74 +/-      55.04

0110
1000
1000
0100        3761 |     2.83 |    2116.27 +/-     580.89

0111
1001
1100
1000          34 |     2.78 |      11.82 +/-       7.99

0111
1000
0000
0000       18030 |     2.61 |   14702.52 +/-    1274.07

0111
1011
1000
0100          10 |     2.55 |       3.12 +/-       2.69

0110
1011
1001
0100          11 |     2.48 |       4.42 +/-       2.65

0111
1000
0101
0110           6 |     2.43 |       1.83 +/-       1.72

0110
1001
1001
0110           2 |     2.28 |       0.41 +/-       0.70

0111
1010
0001
1000          45 |     2.16 |      24.64 +/-       9.43

0111
1010
0001
0110           8 |     1.79 |       3.62 +/-       2.45

0101
1010
1001
1000          43 |     1.67 |      28.03 +/-       8.99

0111
1000
1100
0100          82 |     1.61 |      49.11 +/-      20.41

0100
1010
1000
1010         234 |     1.45 |     186.75 +/-      32.50

0111
1000
1000
0000        3446 |     1.37 |    2517.40 +/-     678.37

0110
1001
0000
0000       10051 |     1.33 |    8616.13 +/-    1076.82

0110
1001
0101
1010           2 |     1.05 |       0.81 +/-       1.13

0001
1010
1000
0000       13089 |     0.87 |   12226.87 +/-     996.05

0011
1010
0000
1000        1849 |     0.80 |    1722.84 +/-     158.62

0111
1010
1000
0110           8 |     0.68 |       5.67 +/-       3.41

0101
1010
1001
0010          20 |     0.67 |      15.35 +/-       6.97

0110
1001
1000
0010         131 |     0.65 |     110.21 +/-      32.13

0100
1000
1000
0100       11366 |     0.62 |   10487.57 +/-    1426.04

0110
1001
1100
1000          56 |     0.56 |      45.86 +/-      18.13

0111
0000
0100
0100         585 |     0.47 |     555.36 +/-      62.59

0110
1011
1000
1000          53 |     0.46 |      44.80 +/-      17.76

0110
1011
1001
0110           1 |     0.35 |       0.66 +/-       0.98

0111
1000
1000
1000         196 |     0.31 |     167.93 +/-      90.37

0111
1000
0101
0100          21 |     0.31 |      18.92 +/-       6.74

0111
1010
1000
0100          42 |     0.29 |      37.74 +/-      14.64

0110
1000
1000
1000        3244 |     0.27 |    3025.47 +/-     802.96

0111
1010
0001
0100          16 |     0.20 |      14.93 +/-       5.34

0110
1011
1001
1000           6 |     0.17 |       5.42 +/-       3.38

0110
1001
1100
0010          24 |     0.03 |      23.73 +/-       8.89

0100
1000
1001
0100         855 |     0.01 |     853.89 +/-     100.19

0100
1001
1001
0000        1024 |    -0.04 |    1028.98 +/-     116.42

0000
1010
1000
1000       17623 |    -0.07 |   17698.02 +/-    1145.44

0111
1001
1100
0110           1 |    -0.07 |       1.08 +/-       1.17

0101
1000
1100
0100         288 |    -0.08 |     293.36 +/-      65.62

0111
1001
1100
0010           4 |    -0.09 |       4.25 +/-       2.78

0101
1010
1000
1010          14 |    -0.11 |      14.78 +/-       6.85

0100
1001
1000
0000       18485 |    -0.26 |   19071.88 +/-    2281.48

0101
1000
1000
0000       31695 |    -0.41 |   32736.98 +/-    2537.29

0111
1000
0100
1000         231 |    -0.55 |     277.74 +/-      84.88

0110
1001
1000
1000         265 |    -0.59 |     315.02 +/-      85.25

0111
1000
0101
1000           9 |    -0.66 |      12.53 +/-       5.35

0110
1001
1100
1010           3 |    -0.66 |       5.05 +/-       3.09

0110
1000
0100
0010        1103 |    -0.70 |    1234.45 +/-     187.72

0111
1000
0101
0000         117 |    -0.71 |     131.92 +/-      21.05

0101
0000
1100
0100        1048 |    -0.75 |    1145.19 +/-     130.23

0110
1010
0001
1000          87 |    -0.99 |     107.62 +/-      20.84

0110
1010
0001
1100           4 |    -1.15 |       7.92 +/-       3.41

0110
1000
0101
1100          11 |    -1.21 |      18.54 +/-       6.23

0110
1000
0101
0000         946 |    -1.38 |    1164.34 +/-     158.04

0100
1000
1000
1000       18010 |    -1.50 |   20865.13 +/-    1899.41

0110
1000
0100
1010         108 |    -1.56 |     151.21 +/-      27.69

0110
1001
0101
1000           6 |    -1.62 |      14.71 +/-       5.38

0101
1010
1000
0000        1435 |    -1.90 |    1915.78 +/-     252.93

0111
0001
0100
0010          13 |    -2.03 |      30.26 +/-       8.50

0111
1000
0100
0010          67 |    -2.19 |     106.56 +/-      18.06

0111
1000
0100
0000        1324 |    -2.41 |    1901.80 +/-     240.20

0011
1010
0000
0110          13 |    -2.43 |      30.73 +/-       7.30

0110
1001
0100
1000          20 |    -2.54 |      84.68 +/-      25.47

0111
1000
0100
0100          36 |    -2.59 |     104.50 +/-      26.50

0100
1010
1001
1000          76 |    -2.61 |     131.03 +/-      21.06

0110
1000
0100
1000        1111 |    -2.99 |    2057.43 +/-     316.06

0101
0001
1100
0010          12 |    -3.09 |      66.35 +/-      17.57

0100
1010
1000
1000        1460 |    -3.15 |    2449.93 +/-     314.08

0111
0001
0100
0000         629 |    -3.16 |     979.94 +/-     110.99

0110
1000
0101
1000          39 |    -3.48 |     108.63 +/-      20.00

0101
1000
1100
0010          36 |    -3.55 |     104.75 +/-      19.37

0101
1010
1000
0010          27 |    -3.88 |     109.42 +/-      21.23

0010
1010
0000
1000       11050 |    -4.11 |   15881.14 +/-    1175.10

0110
0000
0000
0110        2274 |    -4.35 |    2929.06 +/-     150.51

0110
0010
0000
1000        7332 |    -4.41 |   11183.38 +/-     872.85

0011
1000
0100
0100          36 |    -4.50 |     297.64 +/-      58.13

0001
1000
1000
0000      100866 |    -4.74 |  133943.23 +/-    6976.60

0011
1010
0000
0000        9465 |    -4.79 |   14395.34 +/-    1028.50

0100
1001
1000
0010         263 |    -5.41 |     595.60 +/-      61.45

0011
1001
0100
0000         125 |    -5.49 |     716.68 +/-     107.70

0011
1000
0000
0000       83899 |    -5.53 |  118853.67 +/-    6319.93

0111
0010
0000
0000        8739 |    -5.63 |   13662.29 +/-     874.32

0010
1001
0100
1000          81 |    -5.64 |     591.99 +/-      90.53

0001
1000
1100
0100         138 |    -5.67 |     840.21 +/-     123.80

0101
0010
1000
1000         385 |    -6.35 |    1005.08 +/-      97.70

0110
0001
0001
0000        2253 |    -6.50 |    3531.23 +/-     196.57

0000
1000
1000
1000       44566 |    -7.15 |   64180.04 +/-    2744.93

0101
0010
1000
0000        1464 |    -7.60 |    8620.06 +/-     941.37

0100
0010
1000
1000        1520 |    -7.93 |    9490.64 +/-    1005.34

0111
0000
0000
0000       28260 |    -8.81 |   46147.50 +/-    2030.99

0100
0001
1000
0010          94 |   -11.50 |    1059.24 +/-      83.97

0110
0001
0000
0010        2131 |   -13.31 |    7087.21 +/-     372.24

0100
0001
1000
0000       55804 |   -14.57 |  113655.13 +/-    3969.86

0010
1001
0000
0000       70854 |   -17.08 |  142258.53 +/-    4181.12

0000
1000
1000
0100       72809 |   -17.10 |  147873.37 +/-    4390.86

0000
1001
1000
0000       93558 |   -20.89 |  185069.80 +/-    4381.11

0111
1001
1100
1010           0 |     -nan |       0.00 +/-       0.00

