gtrieScanner Results
------------------------------------------
General Information

Start of Computation: 00h06m38s 08/04/2013
End of Computation: 00h06m40s 08/04/2013

Subgraph Size: 4
Graph File: "macaque71-el.csv"
Directed: YES
Nr Nodes: 71
Nr Edges: 746

Method: ESU on original network
Different Types of Subgraphs Found [Original Network]: 168
Subgraph Occurrences Found [Original Network]: 51129
Time for computing census on original network: 0.029249s
Average time for census on random network: 0.022957s

Number of random networks: 100
Random seed: 1365393998
Exchanges per edge: 3
Number of tries per exchange: 10
------------------------------------------
Motif Analysis Results

Graph   Org_Freq |  Z-score |    Rnd_Avg +/-    Rnd_Dev

0111
1011
1101
1110         246 |   289.95 |       0.52 +/-       0.85

0111
1011
1100
1100        1095 |   222.92 |       6.23 +/-       4.88

0111
1010
1100
1000        4614 |   199.73 |      59.26 +/-      22.80

0110
1001
1000
0100        7539 |   147.55 |     200.12 +/-      49.74

0110
1001
1001
0110         293 |    88.44 |       5.76 +/-       3.25

0111
1000
1000
1000        3343 |    71.12 |     152.04 +/-      44.87

0111
1011
1101
1100         304 |    62.86 |       6.95 +/-       4.73

0111
1010
1100
1100         626 |    35.84 |      45.21 +/-      16.21

0111
1011
1100
1000         596 |    34.42 |      45.24 +/-      16.00

0110
1011
1001
0110         160 |    25.99 |      15.60 +/-       5.56

0110
1001
1100
0100        1030 |    25.31 |     176.84 +/-      33.70

0111
1011
1101
1000         117 |    24.57 |      10.60 +/-       4.33

0110
1011
1000
0100        1063 |    24.36 |     180.76 +/-      36.22

0111
1010
1000
1000        1507 |    20.88 |     259.04 +/-      59.77

0100
1000
1001
0010        2476 |    13.01 |     744.58 +/-     133.06

0111
1010
1100
0000         893 |    12.64 |     166.84 +/-      57.45

0110
1010
1100
1000         798 |    12.54 |     156.92 +/-      51.11

0110
1001
1001
0100         430 |    12.08 |     109.58 +/-      26.52

0110
1000
1000
0100        3178 |     9.82 |    1339.71 +/-     187.17

0111
1010
1100
1110          56 |     9.49 |      10.45 +/-       4.80

0111
1011
1100
1010          84 |     8.05 |      21.37 +/-       7.78

0111
1000
1100
1100         138 |     7.92 |      42.11 +/-      12.11

0110
1001
1000
0000        2977 |     7.77 |    1383.15 +/-     205.19

0110
1011
1000
0110         149 |     7.00 |      58.83 +/-      12.89

0111
1011
1100
0000         155 |     6.64 |      47.30 +/-      16.22

0111
1011
1000
1000          97 |     4.49 |      43.73 +/-      11.87

0110
1010
1100
1100         103 |     3.71 |      43.96 +/-      15.90

0111
1000
1000
0000        1692 |     3.58 |    1136.75 +/-     155.30

0110
1001
1101
0100          96 |     3.56 |      57.34 +/-      10.85

0111
1011
1001
0110          23 |     3.21 |       9.09 +/-       4.34

0111
1011
1101
0000          16 |     2.71 |       6.41 +/-       3.54

0110
1010
0001
0010         204 |     2.34 |     141.92 +/-      26.53

0110
1000
1000
1000        1250 |     1.48 |    1046.02 +/-     137.41

0111
1010
1100
0100         129 |     1.03 |      97.43 +/-      30.63

0111
1001
1000
0000         537 |     0.99 |     479.29 +/-      58.47

0100
1000
1101
0010         169 |     0.97 |     144.71 +/-      25.01

0111
1001
1100
0100          88 |     0.85 |      74.02 +/-      16.42

0111
1011
1000
0100          44 |     0.74 |      36.74 +/-       9.86

0111
1001
1100
1000         100 |     0.62 |      88.13 +/-      19.11

0110
1010
1100
1110           5 |    -0.27 |       5.80 +/-       2.93

0110
1001
1001
0000         134 |    -0.36 |     141.70 +/-      21.68

0110
1000
1000
0110         126 |    -0.48 |     137.12 +/-      23.29

0111
1001
1001
0000          58 |    -0.49 |      63.73 +/-      11.72

0111
1011
1100
0010          15 |    -0.64 |      19.27 +/-       6.68

0111
1010
1100
0110          14 |    -0.71 |      18.96 +/-       6.99

0111
1011
1001
0100          24 |    -0.76 |      29.68 +/-       7.48

0110
1001
1100
0110          49 |    -0.91 |      60.17 +/-      12.23

0110
1001
1100
1100          27 |    -0.95 |      36.13 +/-       9.63

0111
1011
0001
0010           6 |    -0.95 |      10.36 +/-       4.58

0111
1001
1101
0100          21 |    -1.05 |      29.45 +/-       8.02

0110
1000
1100
0100         415 |    -1.52 |     504.25 +/-      58.91

0111
1011
1001
1000          18 |    -1.64 |      33.48 +/-       9.43

0110
1011
1001
0100          40 |    -1.77 |      60.41 +/-      11.56

0110
1001
1101
1100          13 |    -2.08 |      29.03 +/-       7.70

0111
1011
1000
0000         114 |    -2.74 |     170.64 +/-      20.65

0111
1001
1100
0110           8 |    -2.79 |      31.62 +/-       8.46

0101
1001
1101
0010           1 |    -3.06 |      23.44 +/-       7.34

0110
1011
1000
0000         347 |    -3.17 |     535.13 +/-      59.25

0111
1000
0101
1000          25 |    -3.39 |      66.79 +/-      12.31

0111
1010
0001
0010          43 |    -3.48 |     101.08 +/-      16.71

0101
1000
1101
1000          17 |    -3.50 |      58.19 +/-      11.76

0111
0011
0001
0000           1 |    -3.83 |     187.17 +/-      48.64

0100
1001
1001
0010          36 |    -3.84 |     109.88 +/-      19.24

0111
1011
0000
0000          18 |    -3.90 |      90.85 +/-      18.68

0110
1001
0001
0010          32 |    -3.93 |     110.59 +/-      19.98

0101
1000
1100
1000         228 |    -4.04 |     445.11 +/-      53.71

0111
1001
0101
0010           4 |    -4.14 |      46.53 +/-      10.27

0100
1000
1101
1100           1 |    -4.18 |      46.22 +/-      10.81

0111
1010
1000
0110          11 |    -4.20 |      56.81 +/-      10.92

0111
1010
1000
0000         325 |    -4.24 |     680.42 +/-      83.88

0110
1010
1000
1110           8 |    -4.26 |      50.85 +/-      10.05

0110
1010
0001
1010          31 |    -4.29 |     104.56 +/-      17.15

0110
1000
0101
0010         103 |    -4.35 |     298.82 +/-      45.06

0111
1011
1001
0000           4 |    -4.44 |      56.78 +/-      11.89

0100
1000
1100
1100           7 |    -4.81 |      75.31 +/-      14.20

0110
1010
1000
0100         220 |    -4.84 |     528.22 +/-      63.74

0110
1001
1100
0000         211 |    -4.94 |     552.99 +/-      69.30

0110
1001
1001
1000           7 |    -4.97 |      65.41 +/-      11.74

0110
1001
1000
0010          87 |    -5.05 |     293.72 +/-      40.95

0111
1000
1000
0100         209 |    -5.07 |     498.04 +/-      57.02

0101
1010
1000
1000         204 |    -5.30 |     478.38 +/-      51.78

0110
1010
1000
1000         221 |    -5.40 |     634.93 +/-      76.61

0110
1011
1001
1000           1 |    -5.45 |      57.96 +/-      10.45

0111
1011
1000
0010           4 |    -5.51 |      57.43 +/-       9.70

0101
1000
1101
0100           1 |    -5.58 |      93.94 +/-      16.66

0111
1000
0101
0010           9 |    -5.67 |     103.04 +/-      16.59

0111
1001
1100
0000          43 |    -5.81 |     175.01 +/-      22.73

0110
1011
1000
1010           1 |    -5.93 |      55.48 +/-       9.18

0101
1001
1100
0000          11 |    -5.96 |     178.03 +/-      28.02

0110
1000
1100
1100          43 |    -6.05 |     152.68 +/-      18.14

0110
1011
1001
0000          18 |    -6.28 |     136.83 +/-      18.93

0100
0000
1100
1100           2 |    -6.29 |     294.84 +/-      46.53

0111
0011
0000
0000           2 |    -6.61 |     317.88 +/-      47.79

0110
1010
1000
0110          21 |    -6.63 |     129.12 +/-      16.32

0111
1000
0100
0100           9 |    -6.63 |     184.67 +/-      26.48

0101
0001
1100
0000           3 |    -6.65 |     655.59 +/-      98.18

0111
0001
0100
0000           3 |    -6.65 |     656.43 +/-      98.22

0110
1011
1000
0010          24 |    -6.66 |     136.14 +/-      16.83

0111
1001
1000
0010          19 |    -6.71 |     136.39 +/-      17.49

0111
0000
0100
0100           4 |    -6.73 |     316.31 +/-      46.41

0110
1011
1000
1000          21 |    -7.01 |     170.36 +/-      21.30

0110
1001
0100
1000           2 |    -7.06 |     197.15 +/-      27.66

0101
1010
1001
1000          15 |    -7.06 |     130.36 +/-      16.33

0110
1010
0000
0010         110 |    -7.17 |     462.25 +/-      49.11

0111
1000
1100
0100          32 |    -7.21 |     173.00 +/-      19.57

0111
1010
1000
0100          19 |    -7.42 |     180.29 +/-      21.75

0110
1010
1000
1100          20 |    -7.43 |     159.95 +/-      18.83

0101
1000
1100
0100           3 |    -7.88 |     345.92 +/-      43.53

0100
1000
1101
0000          89 |    -7.90 |     468.47 +/-      48.03

0110
1001
1100
1000           9 |    -8.11 |     178.30 +/-      20.88

0100
1000
1101
1000          14 |    -8.29 |     256.15 +/-      29.21

0111
1001
0100
0000          11 |    -8.35 |     378.25 +/-      43.97

0000
1001
1001
0000          30 |    -8.46 |     452.10 +/-      49.91

0110
1010
0001
0000          66 |    -8.55 |     514.22 +/-      52.40

0110
1010
0000
1010           9 |    -8.61 |     258.05 +/-      28.91

0100
1000
1100
1010          13 |    -8.97 |     258.12 +/-      27.33

0100
1010
1001
1000           4 |    -9.03 |     284.81 +/-      31.08

0111
1010
0001
0000          11 |    -9.04 |     277.05 +/-      29.42

0100
1000
1100
0010          46 |    -9.14 |     485.26 +/-      48.06

0101
1000
1101
0000           4 |    -9.44 |     262.90 +/-      27.42

0100
1010
1000
1010           3 |    -9.64 |     264.79 +/-      27.15

0111
1000
0101
0000           1 |    -9.69 |     277.32 +/-      28.50

0111
1000
0100
0010           2 |    -9.75 |     289.89 +/-      29.53

0101
1010
1001
0000           6 |    -9.92 |     283.10 +/-      27.92

0001
1010
1000
0000          17 |    -9.93 |    2899.25 +/-     290.31

0110
1000
0000
0010        1007 |   -10.03 |    2914.89 +/-     190.14

0011
1010
0000
0000          17 |   -10.10 |    2802.99 +/-     275.93

0100
1000
1001
0000         944 |   -10.10 |    2922.73 +/-     195.82

0111
1010
0000
0010          15 |   -10.32 |     268.59 +/-      24.58

0111
0010
0000
0000          53 |   -10.35 |    2803.64 +/-     265.75

0110
0001
0001
0000          30 |   -10.58 |     992.23 +/-      90.95

0010
1010
0000
1000          15 |   -10.64 |    2691.12 +/-     251.63

0000
1010
1000
1000          37 |   -10.66 |    2617.19 +/-     242.14

0110
0010
0000
1000           3 |   -10.71 |    2890.17 +/-     269.61

0010
1001
0001
0000          20 |   -11.07 |    1976.12 +/-     176.70

0111
0000
0000
0000         148 |   -11.13 |    2595.96 +/-     219.94

0101
1000
1100
0000          44 |   -11.19 |    1275.45 +/-     110.05

0111
1010
0000
0000         233 |   -11.26 |    1316.49 +/-      96.22

0110
1000
0001
0000         594 |   -11.62 |    3125.92 +/-     217.98

0100
1000
1001
0100          42 |   -11.64 |     685.96 +/-      55.31

0100
1000
1000
0100         280 |   -11.72 |    2035.86 +/-     149.88

0110
1001
0001
0000          66 |   -11.80 |     703.22 +/-      53.99

0110
1001
0000
0000         298 |   -11.81 |    2186.44 +/-     159.96

0000
1000
1000
1000         100 |   -11.83 |    2315.75 +/-     187.37

0110
1010
0000
1000          87 |   -11.92 |    1297.34 +/-     101.50

0100
1000
1001
1000          56 |   -12.61 |     877.40 +/-      65.14

0110
1000
0101
0000          54 |   -12.61 |    1029.83 +/-      77.39

0100
1000
1100
1000          99 |   -12.62 |    1163.27 +/-      84.34

0100
1000
1000
0010         553 |   -12.67 |    2985.21 +/-     191.98

0101
1000
1001
0000          44 |   -12.70 |     896.26 +/-      67.13

0110
1000
0100
0010          51 |   -12.81 |     987.57 +/-      73.10

0111
1000
0000
0000         604 |   -12.97 |    2875.08 +/-     175.04

0100
1000
1000
1000         417 |   -13.34 |    2569.19 +/-     161.38

0111
1000
0001
0000          32 |   -13.39 |     938.56 +/-      67.68

0100
1001
1001
0000          65 |   -13.66 |     662.42 +/-      43.75

0101
1010
1000
0000          34 |   -13.86 |    1375.54 +/-      96.77

0011
1000
0000
0000          89 |   -14.00 |    7982.39 +/-     563.98

0111
1000
0100
0000          77 |   -14.00 |    1356.62 +/-      91.39

0100
1001
1000
0000         535 |   -14.25 |    4218.89 +/-     258.47

0100
1010
1000
1000          68 |   -14.42 |    1259.90 +/-      82.65

0001
1000
1000
0000          96 |   -14.48 |    7671.12 +/-     523.08

0100
1001
1000
0010          18 |   -14.83 |     725.11 +/-      47.69

0110
1000
0100
1000          23 |   -16.06 |    1325.54 +/-      81.09

0101
1000
1000
0000         452 |   -16.45 |    5631.85 +/-     314.84

0000
1001
1000
0000         390 |   -19.16 |   10419.21 +/-     523.32

0100
0001
1000
0000         108 |   -19.57 |   11332.32 +/-     573.65

0010
1001
0000
0000         316 |   -19.76 |   11103.24 +/-     545.81

0000
1000
1000
0100         237 |   -19.90 |   10651.04 +/-     523.22

