gtrieScanner Results
------------------------------------------
General Information

Start of Computation: 00h27m29s 08/04/2013
End of Computation: 00h27m32s 08/04/2013

Subgraph Size: 4
Graph File: "macaque47-el.csv"
Directed: YES
Nr Nodes: 47
Nr Edges: 505

Method: GTRIE with file containing complete g-trie
Different Types of Subgraphs Found [Original Network]: 195
Subgraph Occurrences Found [Original Network]: 29821
Time for computing census on original network: 0.026704s
Average time for census on random network: 0.035444s

Number of random networks: 100
Random seed: 1365395249
Exchanges per edge: 3
Number of tries per exchange: 10
------------------------------------------
Motif Analysis Results

Graph   Org_Freq |  Z-score |    Rnd_Avg +/-    Rnd_Dev

0111
1011
1101
1110         188 |    89.67 |       2.64 +/-       2.07

0111
1011
1100
1100         524 |    59.81 |      19.15 +/-       8.44

0111
1010
1100
1000        1517 |    58.31 |      79.77 +/-      24.65

0110
1001
1000
0100        1783 |    40.24 |     128.16 +/-      41.13

0111
1011
1101
1100         337 |    25.12 |      32.27 +/-      12.13

0111
1010
1100
1100         520 |    19.16 |      90.02 +/-      22.44

0100
1000
1001
0010        1689 |    19.04 |     308.88 +/-      72.49

0111
1000
1000
1000         619 |    17.71 |      88.26 +/-      29.98

0111
1011
1100
1000         461 |    17.00 |      90.85 +/-      21.77

0110
1001
1100
0100         716 |    15.20 |     175.40 +/-      35.56

0110
1011
1000
0100         705 |    14.97 |     171.86 +/-      35.61

0111
1010
1100
1110         169 |    14.78 |      33.38 +/-       9.17

0110
1010
1100
1000         843 |    12.92 |     203.86 +/-      49.47

0111
1010
1100
0000         657 |    12.52 |     163.07 +/-      39.46

0111
1010
1000
1000         673 |     9.18 |     222.13 +/-      49.12

0100
1000
1101
0010         280 |     9.09 |      93.01 +/-      20.57

0110
1011
1001
0110         123 |     8.10 |      35.01 +/-      10.87

0110
1001
1001
0110          57 |     8.06 |       9.60 +/-       5.88

0111
1011
1101
1000          97 |     7.30 |      33.36 +/-       8.71

0110
1000
1000
0100        1547 |     7.29 |     710.77 +/-     114.73

0110
1010
1100
1100         203 |     7.27 |      73.84 +/-      17.77

0110
1010
0001
0010         168 |     3.60 |      92.49 +/-      20.99

0110
1010
1100
1110          33 |     3.39 |      12.66 +/-       5.99

0110
1001
1000
0000         893 |     3.29 |     596.39 +/-      90.10

0111
1011
1100
1010         118 |     3.24 |      66.65 +/-      15.86

0110
1001
1101
0100         134 |     2.99 |      86.58 +/-      15.86

0111
1011
1100
0000         111 |     2.87 |      66.78 +/-      15.40

0111
1000
1000
0000         624 |     2.43 |     448.69 +/-      72.22

0110
1000
1000
1000         774 |     2.33 |     558.64 +/-      92.54

0111
1011
1000
1000          84 |     2.25 |      55.98 +/-      12.46

0110
1001
1001
0100         173 |     2.16 |     107.05 +/-      30.51

0101
1000
1100
1000         376 |     1.65 |     308.60 +/-      40.92

0111
1000
1100
1100          77 |     1.57 |      57.48 +/-      12.45

0110
1001
1100
1100          62 |     0.81 |      52.46 +/-      11.74

0111
1011
1000
0100          54 |     0.27 |      50.99 +/-      10.98

0111
1001
1100
0100         106 |     0.13 |     103.72 +/-      18.03

0111
1001
1100
1000         114 |    -0.01 |     114.13 +/-      20.17

0110
1011
1000
0110          84 |    -0.05 |      84.81 +/-      15.13

0111
1011
1001
0110          30 |    -0.08 |      30.82 +/-       9.77

0110
1001
1100
0000         361 |    -0.20 |     369.13 +/-      41.23

0111
1001
1101
0100          60 |    -0.58 |      66.98 +/-      12.00

0111
1011
1101
0000           9 |    -0.62 |      11.96 +/-       4.80

0111
1010
1100
0100         124 |    -0.62 |     144.54 +/-      33.07

0111
1011
1001
1000          63 |    -0.70 |      73.56 +/-      15.03

0101
1000
1101
1000          48 |    -0.87 |      58.69 +/-      12.26

0111
1011
0001
0010          11 |    -0.98 |      16.70 +/-       5.81

0110
1001
1101
1100          56 |    -1.12 |      67.61 +/-      10.33

0110
1010
1000
0100         385 |    -1.33 |     450.10 +/-      49.01

0110
1000
1100
0100         371 |    -1.58 |     449.13 +/-      49.57

0110
1011
1001
0100          57 |    -1.81 |      86.81 +/-      16.50

0110
1001
1100
0110          58 |    -1.90 |      86.94 +/-      15.21

0110
1000
1000
0110          53 |    -1.97 |      92.92 +/-      20.31

0110
1000
0101
0010         126 |    -2.02 |     189.33 +/-      31.34

0110
1000
0001
0110          37 |    -2.08 |      66.90 +/-      14.40

0110
1011
1000
0000         267 |    -2.22 |     362.11 +/-      42.87

0111
1010
1100
0110          18 |    -2.26 |      39.23 +/-       9.41

0110
1001
1001
0000          44 |    -2.64 |      88.00 +/-      16.67

0111
1010
0001
0010          54 |    -2.65 |      99.19 +/-      17.07

0100
1000
1100
1100          23 |    -2.86 |      65.12 +/-      14.71

0111
1001
1100
1010           5 |    -2.87 |      24.72 +/-       6.88

0111
1011
1100
0010          10 |    -3.04 |      40.13 +/-       9.91

0111
1000
0101
0110           8 |    -3.08 |      35.48 +/-       8.92

0111
0011
0001
0000           4 |    -3.12 |     117.65 +/-      36.45

0110
1001
0001
0010          21 |    -3.12 |      68.25 +/-      15.15

0110
1010
0001
1100           2 |    -3.16 |      51.83 +/-      15.77

0100
1000
1101
1100          10 |    -3.19 |      47.18 +/-      11.64

0101
0001
1100
0010           1 |    -3.22 |     131.40 +/-      40.51

0111
0001
0100
0010           2 |    -3.33 |      42.56 +/-      12.19

0111
1000
0101
0010          47 |    -3.34 |     102.62 +/-      16.68

0110
1010
1000
1110          29 |    -3.35 |      80.24 +/-      15.32

0110
1010
0000
1110           5 |    -3.54 |      45.62 +/-      11.48

0110
1010
1000
1000         315 |    -3.63 |     525.70 +/-      57.98

0111
1011
0001
0000           3 |    -3.67 |      45.11 +/-      11.47

0111
1010
0000
1010          11 |    -3.68 |      56.56 +/-      12.37

0100
1000
1100
0010         130 |    -3.77 |     263.63 +/-      35.40

0110
1000
1100
1100          87 |    -3.85 |     170.22 +/-      21.62

0111
1000
0100
1000         138 |    -3.87 |     300.83 +/-      42.07

0111
1011
1001
0100          23 |    -3.89 |      66.57 +/-      11.21

0110
1001
1000
1000         157 |    -3.91 |     302.63 +/-      37.23

0111
1001
1100
0110          16 |    -3.91 |      68.01 +/-      13.29

0111
1011
0000
0000           8 |    -3.93 |      52.95 +/-      11.44

0110
1010
1000
1100          85 |    -3.94 |     177.09 +/-      23.39

0111
1001
1000
0000         123 |    -3.96 |     281.84 +/-      40.08

0110
1011
1001
0000          64 |    -3.98 |     131.17 +/-      16.87

0111
1000
0101
0100           8 |    -3.99 |      95.14 +/-      21.86

0111
1010
0001
0110           3 |    -4.05 |      68.27 +/-      16.10

0111
1011
1001
0000          18 |    -4.07 |      78.89 +/-      14.97

0110
1000
0000
0010         638 |    -4.08 |     950.70 +/-      76.67

0011
1000
0100
0100           2 |    -4.21 |     151.51 +/-      35.52

0110
1010
0001
0000         108 |    -4.25 |     218.97 +/-      26.14

0101
1010
1000
1010          12 |    -4.26 |      60.32 +/-      11.34

0111
1010
0000
0110           3 |    -4.29 |      92.47 +/-      20.84

0101
1001
1100
0000          21 |    -4.39 |     122.91 +/-      23.23

0100
1000
1101
0000          90 |    -4.43 |     211.18 +/-      27.35

0110
1000
0100
1110           3 |    -4.53 |      94.11 +/-      20.09

0110
1011
1000
1010          22 |    -4.56 |      82.39 +/-      13.24

0111
0011
0000
0000           3 |    -4.57 |     125.86 +/-      26.87

0111
1010
0001
0100           4 |    -4.62 |      98.56 +/-      20.47

0110
1010
0001
1010          20 |    -4.68 |      99.15 +/-      16.90

0101
0001
1100
0000           5 |    -4.71 |     286.35 +/-      59.77

0111
1000
0101
1000           4 |    -4.74 |      60.62 +/-      11.94

0100
0000
1100
1100           5 |    -4.76 |     144.01 +/-      29.21

0101
0000
1100
0100          11 |    -4.78 |     284.43 +/-      57.24

0010
1001
0100
1000           3 |    -4.87 |     302.61 +/-      61.47

0111
0001
0100
0000          10 |    -4.88 |     273.90 +/-      54.03

0110
1001
0101
1000           1 |    -4.91 |     100.65 +/-      20.28

0110
1010
0000
0010          94 |    -4.94 |     251.78 +/-      31.97

0110
1001
1000
0010          38 |    -4.96 |     190.45 +/-      30.74

0100
1000
1001
0000         448 |    -5.03 |     840.97 +/-      78.08

0001
1000
1100
0100           1 |    -5.06 |     305.40 +/-      60.13

0101
1010
1001
0010          18 |    -5.16 |     102.11 +/-      16.29

0111
0000
0100
0100           3 |    -5.19 |     136.89 +/-      25.81

0111
1010
1000
0110           8 |    -5.29 |      81.68 +/-      13.93

0100
1000
1101
1000          42 |    -5.35 |     173.25 +/-      24.53

0011
1001
0100
0000           1 |    -5.39 |     282.20 +/-      52.15

0111
1010
0001
1000          27 |    -5.43 |     120.59 +/-      17.24

0111
1011
1000
0010          11 |    -5.56 |      82.88 +/-      12.92

0101
1000
1101
0000          31 |    -5.56 |     167.07 +/-      24.46

0110
1001
1100
1010          13 |    -5.57 |      86.07 +/-      13.11

0111
1010
1000
0000         160 |    -5.70 |     423.46 +/-      46.21

0110
1011
1001
1000          10 |    -5.72 |      83.67 +/-      12.89

0111
1000
0000
0000         376 |    -5.72 |     795.50 +/-      73.36

0100
1000
1000
0010         558 |    -5.80 |     999.69 +/-      76.16

0111
1001
1100
0010           4 |    -5.84 |      85.23 +/-      13.90

0101
1000
1100
0010          15 |    -5.85 |     188.92 +/-      29.73

0100
1000
1000
0100         350 |    -5.86 |     838.36 +/-      83.34

0110
1011
1000
1000          57 |    -5.93 |     167.76 +/-      18.68

0110
1011
1000
0010          46 |    -5.94 |     140.83 +/-      15.97

0110
1000
0001
0000         455 |    -5.97 |     848.30 +/-      65.92

0110
0000
0000
0110           3 |    -5.97 |     128.91 +/-      21.09

0101
1010
1001
1000          20 |    -6.00 |     124.74 +/-      17.46

0111
1010
0000
0010           9 |    -6.12 |     174.13 +/-      27.00

0111
1010
0001
0000          12 |    -6.17 |     174.46 +/-      26.33

0110
1010
1000
0110          35 |    -6.21 |     142.68 +/-      17.35

0110
1001
0100
1000           5 |    -6.26 |     128.48 +/-      19.74

0100
1000
1100
1010          18 |    -6.28 |     185.54 +/-      26.69

0110
1010
0001
1000          11 |    -6.39 |     190.31 +/-      28.07

0111
0010
0000
1000         104 |    -6.41 |     383.54 +/-      43.58

0110
1010
0000
1010          14 |    -6.54 |     180.84 +/-      25.52

0111
0000
0000
0000          57 |    -6.60 |     483.09 +/-      64.60

0101
1000
1100
0000         173 |    -6.61 |     589.68 +/-      63.01

0100
0010
1000
1000          29 |    -6.63 |    1017.87 +/-     149.12

0101
1010
1000
0010           7 |    -6.83 |     185.47 +/-      26.12

0111
1000
0100
0100           9 |    -6.90 |     125.55 +/-      16.89

0110
0010
0000
1000          54 |    -6.90 |     951.68 +/-     130.05

0111
1011
1000
0000          32 |    -6.91 |     153.90 +/-      17.64

0110
1001
1100
0010          20 |    -6.99 |     144.97 +/-      17.87

0101
1000
1100
0100          22 |    -7.00 |     258.64 +/-      33.81

0001
1010
1000
1000          94 |    -7.02 |     410.16 +/-      45.04

0110
0001
0001
0000           1 |    -7.08 |     280.45 +/-      39.45

0001
1010
1000
0000          44 |    -7.12 |     853.25 +/-     113.60

0000
1000
1000
1000          85 |    -7.24 |     724.90 +/-      88.37

0100
1010
1001
1000           6 |    -7.24 |     181.36 +/-      24.21

0000
1010
1000
1000          59 |    -7.26 |     959.06 +/-     123.98

0101
1010
1001
0000           6 |    -7.27 |     173.08 +/-      22.99

0110
1000
0101
1000           3 |    -7.29 |     184.74 +/-      24.92

0111
1001
0100
0000           7 |    -7.33 |     238.27 +/-      31.56

0111
1000
1100
0100          20 |    -7.36 |     166.77 +/-      19.95

0111
1000
0101
0000          12 |    -7.36 |     168.98 +/-      21.34

0100
1000
1001
0100          25 |    -7.39 |     297.75 +/-      36.93

0111
1001
1100
0000          32 |    -7.48 |     158.14 +/-      16.87

0111
1000
0100
0010           5 |    -7.51 |     184.57 +/-      23.92

0101
0010
1000
0000          12 |    -7.52 |     845.44 +/-     110.84

0110
1000
0100
1010           3 |    -7.55 |     188.55 +/-      24.58

0100
1000
1100
1000         248 |    -7.57 |     711.12 +/-      61.22

0011
1010
0000
1000          65 |    -7.65 |     390.91 +/-      42.58

0110
0001
0000
0010          13 |    -7.72 |     553.93 +/-      70.07

0010
1010
0000
1000          32 |    -7.77 |     968.47 +/-     120.52

0100
1000
1000
1000         439 |    -7.83 |    1114.54 +/-      86.31

0110
1001
0001
0000          20 |    -7.89 |     288.76 +/-      34.06

0100
1010
1000
1010           3 |    -8.04 |     185.19 +/-      22.67

0011
1010
0000
0000          28 |    -8.06 |     801.62 +/-      95.93

0100
1001
1001
0000          27 |    -8.11 |     284.91 +/-      31.81

0111
0010
0000
0000          52 |    -8.13 |     774.14 +/-      88.80

0110
1001
1100
1000          32 |    -8.29 |     171.94 +/-      16.88

0101
0010
1000
1000          55 |    -8.37 |     409.01 +/-      42.31

0110
1010
0000
1000          82 |    -8.37 |     674.74 +/-      70.81

0011
1000
0000
0000         207 |    -8.43 |    1713.31 +/-     178.61

0001
1000
1000
0000         171 |    -8.58 |    1987.16 +/-     211.61

0110
1001
0000
0000         108 |    -8.68 |     621.94 +/-      59.22

0100
1001
1000
0000         425 |    -9.00 |    1449.63 +/-     113.79

0111
1010
1000
0100           9 |    -9.08 |     171.19 +/-      17.85

0100
1001
1000
0010          19 |    -9.27 |     303.35 +/-      30.67

0111
1010
0000
0000          62 |    -9.44 |     551.80 +/-      51.90

0101
1000
1000
0000         587 |   -10.05 |    1904.78 +/-     131.10

0110
1000
0100
0010          67 |   -10.13 |     530.65 +/-      45.76

0110
1000
0101
0000          49 |   -10.70 |     431.27 +/-      35.74

0111
1000
0100
0000          66 |   -11.07 |     578.21 +/-      46.26

0101
1010
1000
0000          44 |   -11.38 |     592.90 +/-      48.25

0100
1010
1000
1000          86 |   -11.66 |     707.09 +/-      53.26

0110
1000
0100
1000          90 |   -12.05 |     708.71 +/-      51.36

0000
1001
1000
0000         190 |   -12.38 |    2231.95 +/-     164.97

0000
1000
1000
0100         207 |   -13.23 |    2589.67 +/-     180.12

0100
0001
1000
0000         155 |   -13.34 |    2357.56 +/-     165.06

0010
1001
0000
0000         123 |   -14.84 |    2025.54 +/-     128.17

0011
1010
0000
0110           0 |     -nan |       0.00 +/-       0.00

0100
0001
1000
0010           0 |     -nan |       0.00 +/-       0.00

0110
1000
0101
1100           0 |     -nan |       0.00 +/-       0.00

0110
1001
0101
1010           0 |     -nan |       0.00 +/-       0.00

