gtrieScanner Results
------------------------------------------
General Information

Start of Computation: 00h25m38s 08/04/2013
End of Computation: 00h25m40s 08/04/2013

Subgraph Size: 4
Graph File: "fve32-el.csv"
Directed: YES
Nr Nodes: 32
Nr Edges: 315

Method: ESU on original network
Different Types of Subgraphs Found [Original Network]: 187
Subgraph Occurrences Found [Original Network]: 11158
Time for computing census on original network: 0.016024s
Average time for census on random network: 0.016254s

Number of random networks: 100
Random seed: 1365395138
Exchanges per edge: 3
Number of tries per exchange: 10
------------------------------------------
Motif Analysis Results

Graph   Org_Freq |  Z-score |    Rnd_Avg +/-    Rnd_Dev

0111
1010
1100
1000         799 |    37.56 |      53.38 +/-      19.85

0111
1011
1101
1110         112 |    33.11 |       4.62 +/-       3.24

0110
1001
1000
0100         735 |    32.03 |      47.84 +/-      21.45

0111
1011
1100
1100         281 |    29.27 |      20.23 +/-       8.91

0100
1000
1001
0010         457 |    13.56 |      89.87 +/-      27.08

0111
1000
1000
1000         300 |    13.42 |      45.48 +/-      18.96

0110
1001
1001
0110          52 |    12.97 |       4.59 +/-       3.65

0110
1001
1000
0000         552 |    10.04 |     168.26 +/-      38.21

0111
1011
1101
1100         158 |     9.32 |      40.31 +/-      12.62

0111
1010
1100
1100         251 |     9.23 |      78.67 +/-      18.67

0111
1010
1100
0000         226 |     8.18 |      69.52 +/-      19.13

0111
1011
1100
1000         222 |     7.87 |      76.26 +/-      18.53

0110
1010
1100
1000         283 |     7.68 |      92.18 +/-      24.84

0110
1011
1000
0100         254 |     7.14 |      82.50 +/-      24.03

0110
1001
1100
0100         240 |     6.81 |      82.57 +/-      23.13

0110
1010
0001
0010          99 |     5.92 |      34.84 +/-      10.85

0110
1000
1000
0100         450 |     5.43 |     204.24 +/-      45.24

0111
1010
1000
1000         336 |     5.06 |     139.24 +/-      38.88

0111
1011
1101
1000          67 |     4.78 |      32.43 +/-       7.24

0111
1011
1100
0000          88 |     4.41 |      41.82 +/-      10.48

0110
1001
1001
0100         129 |     4.38 |      47.11 +/-      18.69

0111
1010
1100
1110          63 |     3.53 |      33.16 +/-       8.46

0110
1011
1001
0110          53 |     3.32 |      21.85 +/-       9.40

0111
1001
1000
0000         171 |     2.51 |     121.81 +/-      19.61

0100
1000
1101
0010          54 |     2.44 |      31.66 +/-       9.14

0110
1011
1000
0110          76 |     2.20 |      48.92 +/-      12.31

0111
1011
1101
0000          17 |     1.61 |       9.72 +/-       4.52

0110
1000
1000
1000         242 |     1.53 |     181.94 +/-      39.35

0110
1001
1101
0100          62 |     1.25 |      47.71 +/-      11.42

0110
1001
1001
0000          47 |     1.19 |      35.93 +/-       9.30

0111
1000
1000
0000         168 |     1.03 |     141.19 +/-      25.94

0110
1010
1100
1100          56 |     1.03 |      43.46 +/-      12.17

0110
1000
0000
0010         263 |     0.95 |     230.90 +/-      33.78

0101
1000
1100
1000         143 |     0.76 |     125.50 +/-      23.09

0111
1011
0001
0010          12 |     0.73 |       9.20 +/-       3.85

0111
1000
1100
1100          47 |     0.54 |      41.60 +/-       9.93

0110
1001
0001
0010          25 |     0.00 |      24.98 +/-       7.69

0111
1001
1001
0000          29 |    -0.26 |      31.15 +/-       8.31

0110
1010
1100
1110           7 |    -0.52 |       8.88 +/-       3.61

0110
1000
0101
0010          61 |    -0.55 |      69.91 +/-      16.24

0110
1000
1100
0100         136 |    -0.95 |     159.26 +/-      24.46

0111
1011
1000
1000          31 |    -0.96 |      40.62 +/-      10.06

0111
1010
0001
0010          36 |    -0.97 |      46.06 +/-      10.38

0110
1011
1001
0100          33 |    -1.28 |      48.43 +/-      12.01

0110
1010
0000
0010          54 |    -1.44 |      76.32 +/-      15.51

0111
1010
1100
0100          56 |    -1.45 |      84.76 +/-      19.78

0111
1001
1100
0100          47 |    -1.47 |      66.11 +/-      13.03

0111
1011
1100
1010          46 |    -1.56 |      62.75 +/-      10.72

0100
1001
1001
0010          12 |    -1.65 |      25.32 +/-       8.06

0110
1000
0001
0000         154 |    -1.68 |     197.47 +/-      25.93

0111
1011
1001
0110          10 |    -1.76 |      24.51 +/-       8.26

0100
1000
1000
1000         189 |    -1.88 |     252.45 +/-      33.70

0101
1000
1101
1000          11 |    -2.02 |      29.53 +/-       9.18

0101
1001
1101
0010           5 |    -2.02 |      17.29 +/-       6.09

0100
1000
1100
1100           9 |    -2.08 |      23.72 +/-       7.09

0111
1010
1100
0110          12 |    -2.16 |      29.52 +/-       8.11

0110
1001
1100
1100          16 |    -2.20 |      33.69 +/-       8.04

0111
1001
1000
0010          35 |    -2.24 |      61.19 +/-      11.69

0110
1001
1100
0000          82 |    -2.31 |     124.16 +/-      18.25

0110
1010
0001
1010          18 |    -2.34 |      46.05 +/-      12.00

0110
1011
1000
0000          74 |    -2.36 |     120.90 +/-      19.85

0110
1000
1000
0110          10 |    -2.39 |      33.89 +/-      10.00

0101
1001
1100
0010           1 |    -2.41 |      23.56 +/-       9.35

0111
0011
0001
0000           1 |    -2.42 |      54.04 +/-      21.96

0111
1011
0000
0000           6 |    -2.46 |      22.27 +/-       6.61

0100
1000
1101
1100           3 |    -2.55 |      23.73 +/-       8.12

0110
1010
0001
0000          23 |    -2.76 |      62.44 +/-      14.29

0111
1011
1000
0100          10 |    -2.78 |      31.37 +/-       7.69

0111
1000
0101
0100           2 |    -2.84 |      46.03 +/-      15.51

0110
1001
1100
0110          16 |    -2.84 |      48.43 +/-      11.40

0000
1000
1000
1000          39 |    -2.89 |     132.85 +/-      32.42

0111
1011
1100
0010           6 |    -2.90 |      29.57 +/-       8.13

0111
1001
0101
0010           3 |    -2.90 |      35.86 +/-      11.32

0111
1000
1000
0100          62 |    -2.91 |     123.05 +/-      21.00

0111
1000
0101
1000           5 |    -3.02 |      30.51 +/-       8.45

0110
1001
1001
1000           3 |    -3.02 |      30.17 +/-       8.98

0111
1011
1001
0000          15 |    -3.05 |      49.51 +/-      11.33

0111
1001
0100
0010           1 |    -3.05 |      45.19 +/-      14.50

0111
1001
1101
0100          19 |    -3.07 |      46.14 +/-       8.85

0110
1001
0101
1000           2 |    -3.07 |      46.31 +/-      14.44

0110
1010
1000
1110          10 |    -3.07 |      48.14 +/-      12.43

0101
1001
1101
0000           1 |    -3.11 |      23.18 +/-       7.12

0110
1001
1000
0010          20 |    -3.12 |      70.05 +/-      16.04

0111
1011
1001
0100          17 |    -3.13 |      44.92 +/-       8.93

0000
1001
1001
0000           2 |    -3.23 |      37.50 +/-      10.98

0111
1001
1100
1000          30 |    -3.25 |      85.10 +/-      16.95

0101
1000
1100
0110           2 |    -3.27 |      46.63 +/-      13.66

0110
1001
0100
1000           1 |    -3.36 |      47.05 +/-      13.70

0101
1000
1101
0100           1 |    -3.37 |      46.84 +/-      13.62

0111
0000
0100
0100           1 |    -3.39 |      48.63 +/-      14.03

0101
1010
1001
0010           7 |    -3.45 |      44.92 +/-      11.00

0001
1000
1100
0100           6 |    -3.48 |      95.91 +/-      25.87

0100
1000
1101
0000          16 |    -3.48 |      59.47 +/-      12.49

0010
1001
0100
1000           2 |    -3.50 |      96.66 +/-      27.02

0100
0000
1100
1100           2 |    -3.51 |      48.67 +/-      13.28

0111
1000
0100
0100           2 |    -3.53 |      45.84 +/-      12.41

0110
1001
1101
1100          10 |    -3.59 |      44.81 +/-       9.69

0111
1001
1100
0110           7 |    -3.64 |      43.89 +/-      10.13

0100
1000
1001
0000          99 |    -3.72 |     200.39 +/-      27.25

0110
1001
0000
0000          62 |    -3.75 |     138.01 +/-      20.27

0111
1011
1001
1000          12 |    -3.78 |      62.35 +/-      13.32

0101
1001
1100
0000           8 |    -3.78 |      48.43 +/-      10.68

0101
0001
1100
0000           2 |    -3.80 |      96.08 +/-      24.78

0100
1000
1000
0100          84 |    -3.85 |     183.95 +/-      25.95

0111
1010
1000
0110           4 |    -3.87 |      49.54 +/-      11.75

0110
1000
1100
1100          34 |    -3.88 |      85.93 +/-      13.40

0101
0000
1100
0100           2 |    -3.88 |      98.84 +/-      24.96

0111
1001
1100
0010           2 |    -3.88 |      45.94 +/-      11.32

0111
1000
0101
0010           7 |    -3.93 |      44.31 +/-       9.49

0110
1011
1001
0000          17 |    -3.93 |      64.50 +/-      12.07

0110
1011
1000
1010           6 |    -3.98 |      50.41 +/-      11.16

0100
1000
1100
0010           9 |    -4.00 |      74.02 +/-      16.25

0101
1010
1000
0010           4 |    -4.00 |      69.63 +/-      16.40

0100
1001
1000
0000         171 |    -4.02 |     319.68 +/-      37.03

0101
1010
1000
1000          33 |    -4.02 |     124.54 +/-      22.76

0100
1000
1101
1000          11 |    -4.16 |      70.92 +/-      14.41

0110
1010
0001
1000           2 |    -4.17 |      70.75 +/-      16.50

0110
1001
1100
1010           1 |    -4.21 |      46.74 +/-      10.86

0111
1011
1000
0000          28 |    -4.24 |      81.90 +/-      12.70

0101
1000
1100
0100          12 |    -4.29 |      96.58 +/-      19.74

0111
1000
1100
0100          18 |    -4.31 |      83.05 +/-      15.11

0101
1000
1100
0010           2 |    -4.31 |      68.64 +/-      15.46

0100
1000
1000
0010         102 |    -4.31 |     230.02 +/-      29.69

0111
0000
0000
0000           4 |    -4.32 |      83.71 +/-      18.44

0111
1011
1000
0010           5 |    -4.39 |      49.01 +/-      10.03

0111
1010
1000
0000          66 |    -4.41 |     163.44 +/-      22.12

0110
1010
1000
0100          52 |    -4.44 |     153.80 +/-      22.93

0101
1010
1001
1000           6 |    -4.46 |      60.18 +/-      12.16

0110
1010
1000
1000          83 |    -4.55 |     208.69 +/-      27.65

0110
1010
1000
1100          20 |    -4.57 |      85.19 +/-      14.25

0000
1010
1000
1000          37 |    -4.58 |     251.38 +/-      46.83

0111
1001
0100
0000           1 |    -4.61 |      92.54 +/-      19.86

0100
1000
1100
1000         103 |    -4.62 |     206.90 +/-      22.51

0011
1000
0100
0000           1 |    -4.62 |     203.98 +/-      43.93

0110
1001
0001
0000          22 |    -4.65 |      93.37 +/-      15.35

0110
1011
1001
1000           2 |    -4.69 |      48.30 +/-       9.87

0110
1010
1000
0110           6 |    -4.71 |      65.37 +/-      12.60

0010
1000
0100
1000          12 |    -4.72 |     238.46 +/-      47.99

0111
1010
0000
0010           8 |    -4.73 |      71.96 +/-      13.52

0110
0001
0001
0000           2 |    -4.77 |      76.06 +/-      15.54

0111
1000
0101
0000           4 |    -4.77 |      68.71 +/-      13.55

0100
1010
1000
1010           4 |    -4.79 |      70.23 +/-      13.81

0010
1001
0001
0000           2 |    -4.81 |     151.65 +/-      31.10

0101
1000
1100
0000          36 |    -4.86 |     170.43 +/-      27.64

0110
1000
0101
1000           3 |    -4.88 |      69.88 +/-      13.69

0111
1010
0001
0000           5 |    -4.89 |      67.76 +/-      12.84

0001
1010
1000
0000           9 |    -4.91 |     208.33 +/-      40.63

0110
1000
0100
1010           5 |    -4.91 |      70.93 +/-      13.43

0100
1000
1100
1010           2 |    -4.95 |      70.80 +/-      13.90

0111
1000
0000
0000          52 |    -5.00 |     173.80 +/-      24.35

0110
1010
0000
1010           6 |    -5.04 |      73.92 +/-      13.48

0110
1001
1100
0010           3 |    -5.05 |      62.02 +/-      11.68

0110
1010
0000
1000          48 |    -5.06 |     206.51 +/-      31.31

0111
1000
0100
0010           1 |    -5.14 |      67.90 +/-      13.01

0100
1010
1001
1000           3 |    -5.25 |      71.76 +/-      13.10

0110
1000
0100
0010          30 |    -5.26 |     144.92 +/-      21.85

0101
1000
1101
0000           3 |    -5.27 |      70.24 +/-      12.76

0111
1001
1100
0000          12 |    -5.32 |      83.96 +/-      13.52

0100
1000
1001
1000          34 |    -5.34 |     132.15 +/-      18.38

0111
0010
0000
0000           7 |    -5.40 |     196.92 +/-      35.15

0111
1000
0001
0000          22 |    -5.48 |     123.02 +/-      18.44

0110
1011
1000
0010          11 |    -5.49 |      64.74 +/-       9.79

0110
0010
0000
1000           6 |    -5.54 |     237.88 +/-      41.86

0101
1000
1001
0000          15 |    -5.55 |     132.90 +/-      21.25

0101
1010
1001
0000           1 |    -5.55 |      71.66 +/-      12.73

0101
1000
1000
0010          10 |    -5.64 |     127.23 +/-      20.80

0100
1001
1001
0000          14 |    -5.71 |      95.66 +/-      14.31

0110
1011
1000
1000          14 |    -5.75 |      82.09 +/-      11.85

0001
1000
1000
0000          33 |    -5.76 |     343.60 +/-      53.96

0011
1010
0000
0000           3 |    -5.83 |     206.16 +/-      34.87

0100
1000
1001
0100          10 |    -5.86 |      94.46 +/-      14.40

0100
1010
1000
1000          37 |    -5.96 |     205.45 +/-      28.25

0010
1010
0000
1000          13 |    -6.00 |     241.77 +/-      38.14

0110
1001
1100
1000           9 |    -6.07 |      83.60 +/-      12.29

0011
1000
0000
0000          22 |    -6.28 |     301.08 +/-      44.43

0111
1000
0100
0000          22 |    -6.51 |     162.73 +/-      21.62

0110
1000
0101
0000           9 |    -6.59 |     122.65 +/-      17.24

0101
1000
1000
0000         119 |    -6.69 |     427.95 +/-      46.20

0110
1000
0100
1000          30 |    -7.02 |     205.87 +/-      25.04

0100
1001
1000
0010           2 |    -7.27 |      93.66 +/-      12.60

0111
1010
1000
0100           7 |    -7.32 |      82.97 +/-      10.38

0101
1010
1000
0000           8 |    -7.46 |     167.83 +/-      21.43

0111
1010
0000
0000          17 |    -7.80 |     162.45 +/-      18.64

0000
1000
1000
0100          76 |    -7.87 |     494.39 +/-      53.13

0000
1001
1000
0000          55 |    -8.08 |     443.92 +/-      48.15

0010
1001
0000
0000          27 |    -8.33 |     391.55 +/-      43.79

0100
0001
1000
0000          18 |    -8.60 |     435.07 +/-      48.47

