gtrieScanner Results
------------------------------------------
General Information

Start of Computation: 00h28m46s 08/04/2013
End of Computation: 00h28m51s 08/04/2013

Subgraph Size: 4
Graph File: "macaque71-el.csv"
Directed: YES
Nr Nodes: 71
Nr Edges: 746

Method: GTRIE with file containing complete g-trie
Different Types of Subgraphs Found [Original Network]: 168
Subgraph Occurrences Found [Original Network]: 51129
Time for computing census on original network: 0.034452s
Average time for census on random network: 0.046567s

Number of random networks: 100
Random seed: 1365395326
Exchanges per edge: 3
Number of tries per exchange: 10
------------------------------------------
Motif Analysis Results

Graph   Org_Freq |  Z-score |    Rnd_Avg +/-    Rnd_Dev

0111
1011
1101
1110         246 |   332.30 |       0.33 +/-       0.74

0111
1011
1100
1100        1095 |   231.12 |       5.82 +/-       4.71

0111
1010
1100
1000        4614 |   204.47 |      52.70 +/-      22.31

0110
1001
1000
0100        7539 |   128.02 |     195.27 +/-      57.36

0110
1001
1001
0110         293 |    68.14 |       6.10 +/-       4.21

0111
1011
1101
1100         304 |    65.97 |       6.19 +/-       4.51

0111
1000
1000
1000        3343 |    65.50 |     151.59 +/-      48.72

0111
1010
1100
1100         626 |    34.18 |      41.19 +/-      17.11

0111
1011
1100
1000         596 |    31.00 |      42.16 +/-      17.87

0111
1011
1101
1000         117 |    24.16 |       9.69 +/-       4.44

0110
1011
1001
0110         160 |    21.18 |      14.68 +/-       6.86

0110
1011
1000
0100        1063 |    20.56 |     176.75 +/-      43.10

0111
1010
1000
1000        1507 |    19.85 |     247.37 +/-      63.44

0110
1001
1100
0100        1030 |    19.84 |     170.00 +/-      43.35

0111
1010
1100
0000         893 |    13.40 |     153.59 +/-      55.19

0110
1010
1100
1000         798 |    12.95 |     142.81 +/-      50.58

0100
1000
1001
0010        2476 |    11.61 |     730.75 +/-     150.36

0111
1010
1100
1110          56 |    11.18 |       9.26 +/-       4.18

0110
1001
1001
0100         430 |    10.05 |     105.61 +/-      32.27

0110
1000
1000
0100        3178 |     8.53 |    1291.08 +/-     221.24

0111
1000
1100
1100         138 |     7.85 |      40.79 +/-      12.38

0111
1011
1100
0000         155 |     7.33 |      44.35 +/-      15.10

0110
1001
1000
0000        2977 |     7.26 |    1342.60 +/-     225.05

0111
1011
1100
1010          84 |     7.23 |      20.81 +/-       8.74

0110
1011
1000
0110         149 |     6.88 |      57.62 +/-      13.29

0111
1011
1000
1000          97 |     4.58 |      41.54 +/-      12.10

0110
1010
1100
1100         103 |     4.32 |      40.61 +/-      14.43

0111
1011
1101
0000          16 |     3.71 |       5.22 +/-       2.91

0111
1000
1000
0000        1692 |     3.27 |    1128.92 +/-     172.26

0111
1011
1001
0110          23 |     3.24 |       8.51 +/-       4.47

0110
1001
1101
0100          96 |     3.18 |      55.21 +/-      12.83

0110
1010
0001
0010         204 |     2.17 |     141.91 +/-      28.64

0111
1010
1100
0100         129 |     1.26 |      89.95 +/-      30.96

0110
1000
1000
1000        1250 |     1.23 |    1046.07 +/-     165.15

0111
1001
1100
0100          88 |     1.01 |      72.39 +/-      15.49

0111
1001
1000
0000         537 |     0.99 |     468.15 +/-      69.25

0100
1000
1101
0010         169 |     0.98 |     142.90 +/-      26.64

0111
1001
1100
1000         100 |     0.72 |      83.82 +/-      22.51

0111
1011
1000
0100          44 |     0.59 |      37.64 +/-      10.87

0110
1010
1100
1110           5 |    -0.13 |       5.39 +/-       3.04

0110
1001
1001
0000         134 |    -0.18 |     139.20 +/-      28.61

0111
1010
0000
1010          58 |    -0.31 |      62.58 +/-      14.60

0111
1010
1100
0110          14 |    -0.42 |      16.94 +/-       7.06

0110
1000
1000
0110         126 |    -0.44 |     137.05 +/-      25.10

0111
1011
1100
0010          15 |    -0.45 |      18.12 +/-       6.97

0110
1001
1100
0110          49 |    -0.51 |      55.43 +/-      12.53

0111
1011
1001
0100          24 |    -0.60 |      28.63 +/-       7.75

0110
1001
1100
1100          27 |    -0.71 |      33.67 +/-       9.38

0111
1001
1101
0100          21 |    -0.92 |      27.76 +/-       7.35

0110
1000
1100
0100         415 |    -1.02 |     490.53 +/-      73.92

0111
1011
0001
0010           6 |    -1.15 |      10.68 +/-       4.07

0110
1011
1001
0100          40 |    -1.34 |      58.98 +/-      14.21

0111
1011
1001
1000          18 |    -1.57 |      33.43 +/-       9.86

0110
1001
1101
1100          13 |    -2.02 |      27.62 +/-       7.23

0111
1011
1000
0000         114 |    -2.06 |     168.94 +/-      26.73

0110
1011
1000
0000         347 |    -2.44 |     527.49 +/-      73.93

0111
1001
1100
0110           8 |    -2.75 |      28.77 +/-       7.56

0111
1010
0001
0010          43 |    -2.97 |      99.45 +/-      19.03

0101
1000
1101
1000          17 |    -3.14 |      58.21 +/-      13.12

0111
1000
0101
1000          25 |    -3.35 |      67.52 +/-      12.70

0111
1010
1000
0000         325 |    -3.41 |     660.78 +/-      98.59

0110
1001
0001
0010          32 |    -3.41 |     108.46 +/-      22.41

0110
1010
0001
1010          31 |    -3.48 |     102.07 +/-      20.42

0111
1000
0101
0110           1 |    -3.51 |      22.89 +/-       6.23

0101
1000
1100
1000         228 |    -3.53 |     438.24 +/-      59.59

0110
1000
0101
0010         103 |    -3.63 |     294.12 +/-      52.64

0111
1010
0001
0110           4 |    -3.69 |      44.55 +/-      10.99

0110
1000
0001
0110          36 |    -3.72 |     107.05 +/-      19.08

0110
1010
1000
1110           8 |    -3.79 |      49.52 +/-      10.95

0100
1000
1101
1100           1 |    -3.87 |      45.93 +/-      11.62

0111
0011
0001
0000           1 |    -4.02 |     197.33 +/-      48.85

0110
1010
1000
0100         220 |    -4.07 |     521.51 +/-      74.16

0110
1001
1000
0010          87 |    -4.12 |     285.09 +/-      48.08

0110
1010
1000
1000         221 |    -4.20 |     614.32 +/-      93.59

0110
1001
1100
0000         211 |    -4.21 |     529.75 +/-      75.64

0111
1011
0000
0000          18 |    -4.28 |      89.91 +/-      16.82

0111
1011
1001
0000           4 |    -4.33 |      55.07 +/-      11.79

0111
1010
1000
0110          11 |    -4.40 |      58.24 +/-      10.73

0101
1010
1000
1010           7 |    -4.45 |      63.98 +/-      12.79

0111
1000
0100
1000         209 |    -4.57 |     485.44 +/-      60.45

0110
1001
1000
1000         204 |    -4.71 |     467.08 +/-      55.90

0100
1000
1100
1100           7 |    -4.94 |      78.13 +/-      14.39

0111
1000
0101
0010           9 |    -5.05 |     104.19 +/-      18.84

0111
1001
1100
0000          43 |    -5.35 |     168.22 +/-      23.41

0110
1000
0100
1110           1 |    -5.45 |      95.86 +/-      17.41

0110
1011
1001
1000           1 |    -5.51 |      57.51 +/-      10.25

0100
0000
1100
1100           2 |    -5.61 |     307.83 +/-      54.47

0101
0001
1100
0000           3 |    -5.68 |     672.59 +/-     117.87

0111
1010
0001
1000          19 |    -5.72 |     132.34 +/-      19.81

0101
1010
1001
1000          15 |    -5.73 |     126.09 +/-      19.39

0110
1000
1100
1100          43 |    -5.75 |     149.54 +/-      18.54

0110
1011
1000
1010           1 |    -5.81 |      54.52 +/-       9.20

0111
1000
1100
0100          32 |    -5.90 |     169.02 +/-      23.24

0110
1010
1000
0110          21 |    -5.98 |     126.05 +/-      17.57

0110
1011
1001
0000          18 |    -6.03 |     132.95 +/-      19.06

0111
0011
0000
0000           2 |    -6.05 |     330.44 +/-      54.33

0110
1011
1000
1000          21 |    -6.10 |     168.17 +/-      24.11

0110
1011
1000
0010          24 |    -6.18 |     133.47 +/-      17.71

0111
0000
0100
0100           4 |    -6.19 |     331.23 +/-      52.83

0111
1011
1000
0010           4 |    -6.22 |      56.80 +/-       8.49

0111
0001
0100
0000           3 |    -6.24 |     676.44 +/-     107.89

0110
1001
0100
1000           2 |    -6.43 |     197.37 +/-      30.37

0111
1000
0100
0100           9 |    -6.53 |     185.66 +/-      27.06

0101
1001
1100
0000          11 |    -6.77 |     178.54 +/-      24.73

0111
1010
1000
0100          19 |    -7.16 |     176.97 +/-      22.06

0110
1010
1000
1100          20 |    -7.17 |     158.75 +/-      19.35

0110
1010
0000
0010         110 |    -7.18 |     463.86 +/-      49.31

0110
1010
0001
0000          66 |    -7.43 |     510.88 +/-      59.85

0100
1000
1100
1010          13 |    -7.68 |     260.56 +/-      32.22

0100
1000
1101
1000          14 |    -7.97 |     259.31 +/-      30.76

0110
1001
1100
1000           9 |    -8.15 |     167.37 +/-      19.42

0100
1000
1101
0000          89 |    -8.17 |     480.32 +/-      47.92

0101
1000
1100
0100           3 |    -8.24 |     350.50 +/-      42.15

0110
1010
0000
1010           9 |    -8.26 |     259.28 +/-      30.29

0111
1010
0001
0000          11 |    -8.40 |     278.52 +/-      31.85

0101
1000
1101
0000           4 |    -8.43 |     266.88 +/-      31.20

0100
1010
1001
1000           4 |    -8.52 |     279.46 +/-      32.31

0100
1000
1100
0010          46 |    -8.55 |     488.30 +/-      51.72

0001
1010
1000
0000          17 |    -8.66 |    2940.57 +/-     337.48

0110
1000
0000
0010        1007 |    -8.69 |    2895.95 +/-     217.35

0111
1001
0100
0000          11 |    -8.86 |     375.67 +/-      41.16

0111
1010
0000
0010          15 |    -8.88 |     273.24 +/-      29.07

0101
1010
1001
0000           6 |    -9.05 |     284.44 +/-      30.78

0011
1010
0000
0000          17 |    -9.08 |    2866.79 +/-     313.71

0000
1010
1000
1000          37 |    -9.12 |    2681.07 +/-     289.94

0010
1010
0000
1000          15 |    -9.20 |    2763.53 +/-     298.64

0100
1000
1001
0000         944 |    -9.21 |    2929.73 +/-     215.70

0110
0000
0000
0110          30 |    -9.33 |     468.89 +/-      47.04

0110
0010
0000
1000           3 |    -9.45 |    2940.84 +/-     310.89

0111
0010
0000
0000          53 |    -9.48 |    2870.77 +/-     297.09

0111
1000
0101
0000           1 |    -9.49 |     281.48 +/-      29.57

0101
1000
1100
0000          44 |    -9.64 |    1278.15 +/-     128.01

0110
1010
0000
1000          87 |    -9.75 |    1284.32 +/-     122.77

0100
1010
1000
1010           3 |   -10.03 |     261.39 +/-      25.77

0100
1000
1000
0100         280 |   -10.10 |    1986.14 +/-     168.91

0111
1000
0100
0010           2 |   -10.21 |     288.76 +/-      28.08

0111
0000
0000
0000         148 |   -10.31 |    2657.64 +/-     243.39

0110
0001
0001
0000          30 |   -10.32 |    1020.09 +/-      95.90

0110
1001
0000
0000         298 |   -10.65 |    2149.71 +/-     173.95

0100
1000
1001
0100          42 |   -10.75 |     680.22 +/-      59.35

0110
0001
0000
0010          20 |   -10.81 |    2025.12 +/-     185.49

0111
1010
0000
0000         233 |   -11.20 |    1304.81 +/-      95.74

0011
1010
0000
1000          44 |   -11.31 |     899.69 +/-      75.67

0100
1000
1000
0010         553 |   -11.49 |    2968.34 +/-     210.19

0110
1000
0001
0000         594 |   -11.54 |    3078.65 +/-     215.38

0110
1001
0001
0000          66 |   -11.55 |     705.25 +/-      55.35

0000
1000
1000
1000         100 |   -11.62 |    2384.94 +/-     196.66

0111
0010
0000
1000          32 |   -11.63 |     945.49 +/-      78.57

0111
1000
0000
0000         604 |   -11.84 |    2873.38 +/-     191.61

0100
1001
1000
0000         535 |   -11.99 |    4129.57 +/-     299.70

0100
1000
1100
1000          99 |   -12.00 |    1173.82 +/-      89.56

0001
1010
1000
1000          56 |   -12.09 |     875.99 +/-      67.83

0100
1000
1000
1000         417 |   -12.10 |    2567.69 +/-     177.78

0011
1000
0000
0000          89 |   -12.99 |    8130.55 +/-     619.27

0001
1000
1000
0000          96 |   -13.30 |    7840.03 +/-     582.06

0100
1001
1000
0010          18 |   -13.47 |     722.56 +/-      52.31

0110
1000
0101
0000          54 |   -13.50 |    1024.66 +/-      71.93

0100
1001
1001
0000          65 |   -13.58 |     659.02 +/-      43.75

0110
1000
0100
0010          51 |   -13.81 |     987.99 +/-      67.83

0101
1010
1000
0000          34 |   -14.49 |    1364.33 +/-      91.80

0111
1000
0100
0000          77 |   -14.75 |    1348.95 +/-      86.25

0100
1010
1000
1000          68 |   -14.79 |    1252.92 +/-      80.11

0110
1000
0100
1000          23 |   -15.01 |    1318.84 +/-      86.31

0101
1000
1000
0000         452 |   -16.09 |    5619.09 +/-     321.13

0000
1000
1000
0100         237 |   -16.91 |   10761.60 +/-     622.40

0000
1001
1000
0000         390 |   -17.11 |   10594.63 +/-     596.47

0100
0001
1000
0000         108 |   -17.14 |   11404.40 +/-     659.17

0010
1001
0000
0000         316 |   -17.24 |   11213.72 +/-     632.12

0001
1000
1100
0100           0 |     -nan |       0.00 +/-       0.00

0010
1001
0100
1000           0 |     -nan |       0.00 +/-       0.00

0011
1000
0100
0100           0 |     -nan |       0.00 +/-       0.00

0011
1001
0100
0000           0 |     -nan |       0.00 +/-       0.00

0011
1010
0000
0110           0 |     -nan |       0.00 +/-       0.00

0100
0001
1000
0010           0 |     -nan |       0.00 +/-       0.00

0100
0010
1000
1000           0 |     -nan |       0.00 +/-       0.00

0101
0000
1100
0100           0 |     -nan |       0.00 +/-       0.00

0101
0001
1100
0010           0 |     -nan |       0.00 +/-       0.00

0101
0010
1000
0000           0 |     -nan |       0.00 +/-       0.00

0101
0010
1000
1000           0 |     -nan |       0.00 +/-       0.00

0101
1000
1100
0010           0 |     -nan |       0.00 +/-       0.00

0101
1010
1000
0010           0 |     -nan |       0.00 +/-       0.00

0101
1010
1001
0010           0 |     -nan |       0.00 +/-       0.00

0110
1000
0100
1010           0 |     -nan |       0.00 +/-       0.00

0110
1000
0101
1000           0 |     -nan |       0.00 +/-       0.00

0110
1000
0101
1100           0 |     -nan |       0.00 +/-       0.00

0110
1001
0101
1000           0 |     -nan |       0.00 +/-       0.00

0110
1001
0101
1010           0 |     -nan |       0.00 +/-       0.00

0110
1001
1100
0010           0 |     -nan |       0.00 +/-       0.00

0110
1001
1100
1010           0 |     -nan |       0.00 +/-       0.00

0110
1010
0000
1110           0 |     -nan |       0.00 +/-       0.00

0110
1010
0001
1000           0 |     -nan |       0.00 +/-       0.00

0110
1010
0001
1100           0 |     -nan |       0.00 +/-       0.00

0111
0001
0100
0010           0 |     -nan |       0.00 +/-       0.00

0111
1000
0101
0100           0 |     -nan |       0.00 +/-       0.00

0111
1001
1100
0010           0 |     -nan |       0.00 +/-       0.00

0111
1001
1100
1010           0 |     -nan |       0.00 +/-       0.00

0111
1010
0000
0110           0 |     -nan |       0.00 +/-       0.00

0111
1010
0001
0100           0 |     -nan |       0.00 +/-       0.00

0111
1011
0001
0000           0 |     -nan |       0.00 +/-       0.00

