gtrieScanner Results
------------------------------------------
General Information

Start of Computation: 07h03m47s 08/04/2013
End of Computation: 07h03m52s 08/04/2013

Subgraph Size: 4
Graph File: "cat-el.csv"
Directed: YES
Nr Nodes: 52
Nr Edges: 818

Method: GTRIE with file containing complete g-trie
Different Types of Subgraphs Found [Original Network]: 196
Subgraph Occurrences Found [Original Network]: 86238
Time for computing census on original network: 0.033683s
Average time for census on random network: 0.046791s

Number of random networks: 100
Random seed: 1365419027
Exchanges per edge: 3
Number of tries per exchange: 10
------------------------------------------
Motif Analysis Results

Graph   Org_Freq |  Z-score |    Rnd_Avg +/-    Rnd_Dev

0111
1011
1101
1110         736 |    76.37 |      23.64 +/-       9.33

0111
1011
1100
1100        1438 |    49.36 |     105.98 +/-      26.99

0111
1010
1100
1000        3731 |    47.39 |     323.93 +/-      71.89

0110
1001
1000
0100        3380 |    37.33 |     342.02 +/-      81.39

0100
1000
1001
0010        4078 |    27.29 |     707.97 +/-     123.51

0111
1010
1100
0000        2835 |    24.37 |     593.71 +/-      91.95

0111
1011
1101
1100        1186 |    23.10 |     206.04 +/-      42.42

0110
1010
1100
1000        1692 |    19.26 |     426.64 +/-      65.68

0110
1010
0001
0010         923 |    19.08 |     242.51 +/-      35.66

0111
1011
1100
1000        1687 |    17.36 |     452.97 +/-      71.09

0110
1011
1000
0100        2144 |    17.06 |     570.57 +/-      92.22

0111
1011
1101
0000         302 |    15.64 |      69.53 +/-      14.86

0111
1010
1100
1100        1316 |    15.31 |     405.57 +/-      59.45

0111
1011
1100
0000        1027 |    14.82 |     332.49 +/-      46.86

0111
1011
1101
1000         563 |    14.13 |     184.58 +/-      26.77

0110
1001
1100
0100        1534 |    11.08 |     541.00 +/-      89.63

0110
1001
1001
0110         153 |    10.34 |      27.31 +/-      12.15

0111
1010
1100
1110         387 |    10.03 |     170.11 +/-      21.62

0110
1001
1000
0000        3670 |     9.59 |    1600.99 +/-     215.70

0100
1000
1101
0010         656 |     9.20 |     270.62 +/-      41.87

0111
1000
1000
1000        1084 |     9.05 |     327.83 +/-      83.58

0110
1011
1001
0110         301 |     5.86 |     128.77 +/-      29.41

0111
1000
1000
0000        2391 |     5.16 |    1498.47 +/-     172.84

0110
1001
1001
0100         616 |     4.55 |     295.55 +/-      70.37

0110
1010
1100
1100         347 |     4.54 |     213.59 +/-      29.36

0110
1000
1000
0100        1880 |     3.83 |    1229.24 +/-     170.10

0110
1011
1000
0110         438 |     3.70 |     295.74 +/-      38.46

0111
1010
1000
1000        1439 |     3.67 |     881.25 +/-     151.95

0110
1000
1000
1000        1659 |     3.57 |    1162.94 +/-     139.03

0111
1001
1100
0100         507 |     2.35 |     402.95 +/-      44.30

0110
1011
1000
0000        1378 |     2.30 |    1190.22 +/-      81.49

0111
1001
1000
0000        1235 |     1.78 |    1051.92 +/-     102.67

0111
1011
0001
0010          84 |     1.33 |      64.62 +/-      14.52

0110
1010
1100
1110          65 |     1.29 |      50.16 +/-      11.52

0110
1000
0101
0010         538 |     0.70 |     495.76 +/-      60.10

0110
1000
1100
0100         837 |     0.36 |     813.32 +/-      65.11

0100
1000
1001
0000        1913 |     0.23 |    1882.37 +/-     133.12

0111
1011
1001
0110         139 |    -0.20 |     143.85 +/-      24.45

0111
1010
0001
0010         309 |    -0.33 |     321.72 +/-      38.77

0110
1001
1101
0100         303 |    -0.48 |     323.93 +/-      43.85

0111
1011
1100
1010         326 |    -0.54 |     346.63 +/-      38.54

0111
1010
1100
0100         499 |    -0.58 |     540.34 +/-      70.71

0100
1000
1000
0010        1501 |    -0.61 |    1557.91 +/-      93.74

0111
1011
1000
0100         204 |    -0.61 |     221.39 +/-      28.56

0110
1001
0001
0010         151 |    -0.74 |     173.10 +/-      29.81

0110
1010
1000
0100         769 |    -0.87 |     822.70 +/-      61.95

0110
1010
0001
0000         509 |    -1.12 |     566.92 +/-      51.60

0111
1011
1000
1000         227 |    -1.13 |     268.97 +/-      37.12

0110
1001
1001
0000         224 |    -1.20 |     275.90 +/-      43.28

0111
1000
1100
1100         187 |    -1.27 |     228.80 +/-      32.94

0110
1001
1100
0000         956 |    -1.48 |    1067.45 +/-      75.14

0111
1001
1101
0100         222 |    -1.85 |     280.95 +/-      31.83

0110
1001
1100
1100         134 |    -1.93 |     184.55 +/-      26.15

0110
1000
0001
0110         113 |    -1.97 |     170.43 +/-      29.10

0111
1010
0000
1010         158 |    -2.09 |     215.89 +/-      27.68

0110
1001
1000
0010         336 |    -2.11 |     479.54 +/-      67.90

0111
1001
1100
1000         353 |    -2.13 |     479.20 +/-      59.17

0110
1000
1000
0110         121 |    -2.60 |     216.42 +/-      36.66

0111
1011
0000
0000         163 |    -2.85 |     268.42 +/-      36.98

0111
1011
1100
0010         104 |    -2.89 |     186.69 +/-      28.63

0111
1010
1000
0000        1129 |    -3.02 |    1484.24 +/-     117.69

0110
1001
1100
0110         170 |    -3.15 |     281.70 +/-      35.43

0101
1000
1100
1000         540 |    -3.48 |     817.44 +/-      79.66

0101
1000
1101
1000          94 |    -3.57 |     209.56 +/-      32.38

0110
1010
0000
0010         314 |    -3.60 |     466.64 +/-      42.38

0110
1001
0000
0000        1200 |    -3.85 |    1669.77 +/-     121.91

0100
1000
1100
1100          50 |    -4.02 |     132.18 +/-      20.46

0110
1001
0101
1010           3 |    -4.10 |      55.45 +/-      12.79

0100
1000
1101
1100          21 |    -4.18 |     149.90 +/-      30.81

0111
0001
0100
0010           2 |    -4.21 |     127.00 +/-      29.69

0111
1010
1100
0110          59 |    -4.35 |     169.31 +/-      25.34

0110
1011
1001
0100         140 |    -4.37 |     310.25 +/-      39.00

0110
1010
0001
1010         126 |    -4.39 |     285.48 +/-      36.31

0111
1000
0101
0110          22 |    -4.53 |     119.29 +/-      21.49

0111
0011
0001
0000           5 |    -4.56 |     400.00 +/-      86.55

0100
1000
1000
1000         982 |    -4.59 |    1483.62 +/-     109.30

0111
1011
0001
0000          34 |    -4.65 |     189.38 +/-      33.39

0100
1000
1101
0000         364 |    -4.66 |     631.20 +/-      57.32

0110
1000
0000
0010        1213 |    -4.67 |    1780.77 +/-     121.53

0110
1010
1000
1000         701 |    -4.85 |    1106.63 +/-      83.65

0110
1010
0000
1110          20 |    -4.88 |     163.07 +/-      29.32

0101
1001
1100
0000         113 |    -5.07 |     339.39 +/-      44.69

0110
1010
0001
1100           1 |    -5.12 |     142.22 +/-      27.58

0100
1000
1100
0010         219 |    -5.18 |     439.86 +/-      42.63

0111
1011
1001
0000         132 |    -5.21 |     352.00 +/-      42.26

0111
1001
1100
1010          21 |    -5.44 |     106.82 +/-      15.77

0111
1010
0001
0110          30 |    -5.44 |     237.48 +/-      38.13

0111
1011
1001
1000         138 |    -5.49 |     338.01 +/-      36.45

0111
1011
1000
0000         475 |    -5.51 |     717.03 +/-      43.94

0110
1010
1000
1110          54 |    -5.52 |     281.21 +/-      41.19

0110
1001
1000
1000         440 |    -5.58 |     911.56 +/-      84.55

0111
1000
0100
1000         436 |    -5.62 |     937.09 +/-      89.15

0110
1000
0100
1110          25 |    -5.63 |     308.26 +/-      50.27

0011
1000
0100
0100           6 |    -5.88 |     349.86 +/-      58.49

0110
1000
0101
1100           4 |    -5.92 |     285.72 +/-      47.58

0111
1000
0101
0100           8 |    -5.97 |     322.17 +/-      52.63

0111
1011
1001
0100         123 |    -6.11 |     276.39 +/-      25.11

0110
1000
0001
0000        1322 |    -6.12 |    2011.85 +/-     112.76

0110
1001
1101
1100          89 |    -6.32 |     263.19 +/-      27.58

0101
1010
1000
1010          38 |    -6.35 |     197.06 +/-      25.07

0101
0001
1100
0000          11 |    -6.37 |     726.60 +/-     112.36

0010
1001
0100
1000          11 |    -6.48 |     692.49 +/-     105.09

0111
1000
0101
0010          63 |    -6.49 |     333.65 +/-      41.71

0111
0011
0000
0000          17 |    -6.55 |     507.91 +/-      74.92

0111
1010
0001
0100          13 |    -6.57 |     326.33 +/-      47.68

0011
1001
0100
0000           5 |    -6.66 |     806.78 +/-     120.36

0111
0001
0100
0000          35 |    -6.70 |     875.52 +/-     125.47

0101
1010
1001
0010          61 |    -6.79 |     300.07 +/-      35.21

0111
1010
0000
0110           8 |    -6.83 |     343.09 +/-      49.07

0111
0000
0100
0100          13 |    -6.98 |     409.72 +/-      56.80

0000
1000
1000
1000         154 |    -7.00 |     742.92 +/-      84.09

0101
0000
1100
0100          10 |    -7.05 |     676.58 +/-      94.61

0100
0000
1100
1100           8 |    -7.14 |     310.46 +/-      42.34

0100
0001
1000
0010           6 |    -7.24 |     297.18 +/-      40.22

0001
1000
1100
0100           2 |    -7.26 |     634.51 +/-      87.14

0111
1010
0001
1000         140 |    -7.26 |     412.38 +/-      37.51

0111
1000
0000
0000        1424 |    -7.32 |    2503.45 +/-     147.37

0101
1010
1001
1000          78 |    -7.37 |     387.81 +/-      42.05

0110
1001
0100
1000          13 |    -7.40 |     333.01 +/-      43.23

0110
1001
0001
0000         241 |    -7.41 |     795.62 +/-      74.83

0111
1000
0101
1000          19 |    -7.42 |     212.81 +/-      26.11

0111
1001
1100
0110          54 |    -7.43 |     265.14 +/-      28.43

0111
1010
0001
0000         150 |    -7.58 |     609.91 +/-      60.65

0111
1000
0100
0100          28 |    -7.66 |     376.70 +/-      45.53

0111
1001
1100
0000         305 |    -7.79 |     639.77 +/-      42.99

0101
1000
1100
0100          72 |    -7.85 |     597.90 +/-      67.01

0110
0000
0000
0110          39 |    -7.93 |     339.67 +/-      37.91

0110
1011
1001
1000          22 |    -7.96 |     320.59 +/-      37.53

0111
1010
1000
0110          14 |    -7.96 |     298.52 +/-      35.72

0111
1001
1100
0010          29 |    -8.00 |     301.97 +/-      34.10

0110
1001
1100
1010          10 |    -8.05 |     277.53 +/-      33.23

0101
1000
1100
0010          25 |    -8.27 |     480.45 +/-      55.08

0110
0001
0001
0000          78 |    -8.29 |     632.40 +/-      66.90

0100
1000
1101
1000          94 |    -8.39 |     524.74 +/-      51.33

0111
1011
1000
0010          73 |    -8.66 |     332.71 +/-      30.00

0110
1000
0101
1000          10 |    -8.68 |     491.42 +/-      55.48

0110
0001
0000
0010          79 |    -8.71 |    1268.38 +/-     136.54

0001
1010
1000
0000         112 |    -8.75 |    1871.00 +/-     201.06

0110
1010
1000
0110          76 |    -8.77 |     348.73 +/-      31.09

0110
1010
0000
1010          63 |    -8.79 |     461.99 +/-      45.39

0100
1000
1100
1010          37 |    -8.80 |     439.76 +/-      45.79

0110
0010
0000
1000          80 |    -8.90 |    1767.74 +/-     189.71

0110
1011
1000
1010          27 |    -8.91 |     304.91 +/-      31.21

0101
1000
1101
0000          72 |    -8.94 |     606.42 +/-      59.77

0100
1000
1001
0100         145 |    -8.99 |     630.32 +/-      54.00

0110
1010
0001
1000          36 |    -9.01 |     479.49 +/-      49.24

0110
1011
1001
0000         156 |    -9.05 |     515.17 +/-      39.71

0111
1001
0100
0000          83 |    -9.09 |     838.17 +/-      83.09

0001
1010
1000
1000         258 |    -9.13 |     915.64 +/-      72.04

0100
1001
1000
0000        1021 |    -9.19 |    2586.24 +/-     170.41

0100
1000
1000
0100         279 |    -9.22 |     995.53 +/-      77.68

0101
0010
1000
0000          54 |    -9.24 |    2009.55 +/-     211.63

0110
1010
1000
1100         139 |    -9.28 |     469.21 +/-      35.58

0100
0010
1000
1000          58 |    -9.33 |    1555.16 +/-     160.49

0100
1010
1001
1000          35 |    -9.36 |     484.41 +/-      48.01

0101
1000
1000
0000        1805 |    -9.41 |    3641.93 +/-     195.20

0001
1000
1000
0000         417 |    -9.43 |    2616.85 +/-     233.37

0011
1010
0000
0000         111 |    -9.44 |    2138.87 +/-     214.84

0110
1011
1000
0010         141 |    -9.52 |     434.48 +/-      30.83

0110
1001
1100
0010          52 |    -9.60 |     399.50 +/-      36.19

0010
1010
0000
1000          71 |    -9.89 |    1657.85 +/-     160.48

0101
1010
1001
0000          28 |    -9.93 |     560.17 +/-      53.60

0111
0000
0000
0000         245 |    -9.94 |    1555.30 +/-     131.84

0000
1010
1000
1000         117 |    -9.95 |    1573.34 +/-     146.32

0100
1010
1000
1010          26 |    -9.97 |     437.00 +/-      41.23

0110
1000
1100
1100         141 |    -9.97 |     459.25 +/-      31.91

0111
0010
0000
0000         224 |    -9.98 |    2532.67 +/-     231.41

0110
1011
1000
1000         150 |   -10.01 |     603.52 +/-      45.30

0111
1010
0000
0000         983 |   -10.08 |    1977.19 +/-      98.59

0111
1000
0100
0010          32 |   -10.10 |     538.77 +/-      50.19

0111
1000
1100
0100         129 |   -10.16 |     556.93 +/-      42.10

0110
1000
0100
1010          42 |   -10.27 |     443.08 +/-      39.06

0110
1000
0100
0010         233 |   -10.29 |     886.66 +/-      63.49

0110
1010
0000
1000         422 |   -10.32 |    1393.33 +/-      94.14

0111
1010
0000
0010          82 |   -10.38 |     561.46 +/-      46.18

0011
1010
0000
1000         227 |   -10.46 |    1029.68 +/-      76.75

0101
1000
1100
0000         354 |   -10.49 |    1448.07 +/-     104.28

0101
1010
1000
0010          24 |   -10.79 |     487.96 +/-      43.00

0111
0010
0000
1000         317 |   -10.79 |    1210.67 +/-      82.81

0110
1001
1100
1000         111 |   -10.88 |     532.00 +/-      38.69

0011
1000
0000
0000         389 |   -11.24 |    3320.84 +/-     260.75

0110
1000
0101
0000         246 |   -11.33 |    1153.85 +/-      80.15

0100
1001
1001
0000         121 |   -11.41 |     731.91 +/-      53.54

0111
1000
0101
0000          25 |   -11.72 |     624.08 +/-      51.13

0101
0010
1000
1000         133 |   -12.34 |     983.88 +/-      68.97

0100
1001
1000
0010          90 |   -12.35 |     688.52 +/-      48.47

0000
1000
1000
0100         524 |   -12.45 |    3461.98 +/-     235.98

0100
1010
1000
1000         226 |   -12.48 |    1254.67 +/-      82.44

0101
1010
1000
0000         279 |   -12.82 |    1599.54 +/-     103.05

0100
1000
1100
1000         339 |   -12.93 |    1137.41 +/-      61.75

0100
0001
1000
0000         419 |   -13.68 |    3883.01 +/-     253.16

0111
1010
1000
0100          81 |   -14.46 |     564.64 +/-      33.45

0010
1001
0000
0000         790 |   -14.74 |    4741.18 +/-     268.10

0000
1001
1000
0000         532 |   -15.09 |    4221.36 +/-     244.45

0110
1000
0100
1000         137 |   -16.15 |    1236.35 +/-      68.08

0111
1000
0100
0000         257 |   -16.93 |    1762.60 +/-      88.91

0011
1010
0000
0110           0 |     -nan |       0.00 +/-       0.00

0101
0001
1100
0010           0 |     -nan |       0.00 +/-       0.00

0110
1001
0101
1000           0 |     -nan |       0.00 +/-       0.00

