gtrieScanner Results
------------------------------------------
General Information

Start of Computation: 07h09m44s 08/04/2013
End of Computation: 07h09m58s 08/04/2013

Subgraph Size: 6
Graph File: "hermelegans-gap-el.csv"
Directed: NO
Nr Nodes: 279
Nr Edges: 514

Method: GTRIE with file containing complete g-trie
Different Types of Subgraphs Found [Original Network]: 104
Subgraph Occurrences Found [Original Network]: 4086382
Time for computing census on original network: 0.090433s
Average time for census on random network: 0.139636s

Number of random networks: 100
Random seed: 1365419384
Exchanges per edge: 3
Number of tries per exchange: 10
------------------------------------------
Motif Analysis Results

Graph    Org_Freq |  Z-score |    Rnd_Avg +/-    Rnd_Dev

011111
101111
110000
110000
110000
110000      12920 |   333.86 |      34.08 +/-      38.60

011111
101111
110100
111000
110000
110000       3304 |   194.20 |      12.09 +/-      16.95

011111
101111
110100
111000
110001
110010         65 |    87.88 |       0.27 +/-       0.74

011111
101111
110110
111000
111000
110000        280 |    48.47 |       2.20 +/-       5.73

011111
101110
110000
110000
110000
100000      52826 |    35.16 |    2199.53 +/-    1439.93

011111
101111
110111
111000
111000
111000          4 |    23.16 |       0.03 +/-       0.17

011111
101110
110001
110000
110000
101000       4191 |    22.66 |     219.75 +/-     175.28

011110
101110
110001
110000
110000
001000      12477 |    20.60 |     826.91 +/-     565.65

011111
101100
110011
110010
101100
101000        238 |    20.59 |      10.28 +/-      11.06

011111
101110
110110
111001
111001
100110          7 |    19.49 |       0.07 +/-       0.36

011100
101000
110000
100011
000101
000110       1935 |    16.66 |     326.37 +/-      96.56

011110
101110
110001
110001
110000
001100        334 |    16.56 |      24.54 +/-      18.69

011110
101110
110101
111001
110000
001100        131 |    16.37 |       4.72 +/-       7.71

011111
101101
110011
110010
101100
111000         25 |    14.71 |       1.03 +/-       1.63

011111
101110
110100
111000
110001
100010        196 |    13.99 |      10.90 +/-      13.23

011111
101110
110110
111001
111000
100100         93 |    13.49 |       2.47 +/-       6.71

011111
101110
110100
111000
110000
100000       7060 |    13.48 |     432.38 +/-     491.50

011111
101100
110011
110011
101100
101100          5 |    13.28 |       0.13 +/-       0.37

011110
101110
110100
111000
110001
000010        750 |    12.94 |      46.05 +/-      54.41

011111
101111
110110
111001
111000
110100         11 |    12.69 |       0.17 +/-       0.85

011100
101100
110010
110000
001001
000010      12863 |     9.92 |    3030.27 +/-     991.53

011111
101110
110101
111000
110000
101000        419 |     9.34 |      29.98 +/-      41.63

011110
101001
110001
100010
100100
011000        737 |     7.62 |     162.18 +/-      75.40

011100
101000
110000
100010
000101
000010      47893 |     7.43 |   24398.85 +/-    3163.14

011110
101100
110000
110000
100001
000010      26274 |     7.22 |    7876.72 +/-    2546.50

011110
101100
110100
111000
100001
000010       1507 |     6.01 |     214.51 +/-     215.21

011101
101101
110010
110010
001101
110010          4 |     5.99 |       0.25 +/-       0.63

011111
101110
110110
111000
111000
100000        327 |     5.74 |      21.42 +/-      53.26

011110
101101
110011
110011
101100
011100          3 |     5.34 |       0.19 +/-       0.53

011111
101100
110010
110010
101100
100000        232 |     5.24 |      37.89 +/-      37.03

011100
101100
110010
110010
001101
000010        429 |     5.15 |     118.49 +/-      60.25

011111
101100
110010
110001
101000
100100        346 |     4.61 |      89.71 +/-      55.61

011111
101100
110100
111000
100001
100010         93 |     4.60 |      15.52 +/-      16.83

011110
101110
110101
111001
110001
001110          2 |     4.42 |       0.18 +/-       0.41

011110
101101
110010
110001
101000
010100        231 |     4.39 |      53.26 +/-      40.46

011101
101100
110011
110010
001101
101010         14 |     4.05 |       2.57 +/-       2.82

011110
101110
110101
111000
110000
001000       1538 |     3.93 |     267.30 +/-     323.18

011111
101000
110000
100011
100100
100100       1744 |     3.87 |     622.65 +/-     289.59

011110
101110
110101
111000
110001
001010         36 |     3.87 |       6.09 +/-       7.73

011110
101100
110011
110010
101100
001000        396 |     3.69 |      87.23 +/-      83.62

011111
101100
110010
110001
101001
100110          6 |     3.56 |       0.91 +/-       1.43

011110
101101
110011
110010
101100
011000         28 |     3.34 |       5.82 +/-       6.64

011100
101100
110011
110011
001101
001110          2 |     3.27 |       0.20 +/-       0.55

011111
101100
110000
110000
100000
100000      65483 |     2.88 |   32911.55 +/-   11304.86

011110
101110
110110
111001
111000
000100         63 |     2.76 |       7.68 +/-      20.06

011100
101100
110010
110001
001001
000110        125 |     2.74 |      57.52 +/-      24.63

011110
101100
110001
110000
100001
001010       1279 |     2.74 |     642.76 +/-     232.57

011110
101100
110010
110001
101000
000100       2995 |     2.57 |    1284.39 +/-     664.38

011110
101100
110010
110001
101001
000110         51 |     2.42 |      20.15 +/-      12.73

011111
101100
110100
111000
100000
100000       2880 |     2.26 |     881.82 +/-     884.49

011110
101110
110110
111001
111001
000110          1 |     2.17 |       0.10 +/-       0.41

011111
101100
110010
110000
101000
100000       5564 |     2.16 |    2618.36 +/-    1362.14

011100
101100
110010
110001
001000
000100       5759 |     1.99 |    3265.86 +/-    1255.63

011111
101000
110000
100010
100100
100000      10567 |     1.72 |    6722.77 +/-    2239.12

011110
101101
110000
110000
100000
010000      39613 |     1.56 |   23903.13 +/-   10050.73

011100
101000
110000
100011
000100
000100      39195 |     1.21 |   32866.94 +/-    5230.48

011010
100110
100101
011001
110000
001100         98 |     1.20 |      61.61 +/-      30.26

011101
101100
110010
110010
001101
100010         33 |     1.01 |      20.37 +/-      12.56

011100
101100
110011
110000
001000
001000      12655 |     0.95 |    9076.68 +/-    3773.00

011110
101101
110010
110000
101000
010000       5437 |     0.94 |    3455.85 +/-    2117.30

011110
101100
110011
110011
101100
001100          6 |     0.92 |       2.72 +/-       3.56

011110
101101
110100
111000
100000
010000       3152 |     0.77 |    1727.91 +/-    1842.27

011100
101100
110011
110010
001101
001010         29 |     0.71 |      19.96 +/-      12.74

011111
101000
110000
100000
100000
100000     228288 |     0.65 |  208646.93 +/-   30012.41

011110
101101
110100
111000
100001
010010         47 |     0.62 |      28.59 +/-      29.60

011100
101100
110011
110010
001100
001000        786 |     0.61 |     608.46 +/-     293.40

011110
101101
110011
110000
101000
011000         74 |     0.57 |      47.28 +/-      46.61

011100
101010
110001
100011
010101
001110          2 |     0.39 |       1.39 +/-       1.58

011100
101100
110011
110011
001100
001100         12 |     0.05 |      11.39 +/-      11.15

011110
101100
110001
110000
100000
001000      37092 |     0.05 |   36355.24 +/-   15556.69

011101
101000
110000
100010
000101
100010       1643 |     0.02 |    1635.18 +/-     313.57

011110
101100
110011
110001
101000
001100        101 |    -0.07 |     105.57 +/-      64.60

011101
101100
110010
110010
001100
100000        551 |    -0.27 |     629.20 +/-     290.08

011000
100111
100111
011000
011000
011000          5 |    -0.64 |      29.82 +/-      38.89

011110
101000
110000
100011
100100
000100       5930 |    -0.84 |    8209.56 +/-    2719.57

011000
100110
100101
011000
010000
001000      23874 |    -0.88 |   31854.49 +/-    9059.13

011001
100100
100011
010010
001100
101000       1094 |    -0.89 |    1308.34 +/-     240.02

011000
100111
100110
011000
011000
010000       1245 |    -0.91 |    2480.48 +/-    1358.85

011100
101010
110001
100011
010100
001100         72 |    -0.98 |     119.30 +/-      48.38

011011
100111
100100
011000
110000
110000        246 |    -1.02 |     428.58 +/-     178.24

011010
100110
100101
011000
110000
001000       4419 |    -1.04 |    6167.22 +/-    1685.71

011001
100111
100110
011000
011000
110000        109 |    -1.28 |     311.06 +/-     157.65

011011
100110
100101
011000
110000
101000        153 |    -1.33 |     338.04 +/-     138.90

011000
100100
100011
010011
001100
001100        317 |    -1.36 |     645.42 +/-     240.88

011110
101000
110000
100001
100000
000100     120426 |    -1.38 |  156008.65 +/-   25771.86

011001
100110
100110
011001
011000
100100          1 |    -1.43 |      28.17 +/-      18.97

011100
101010
110000
100001
010000
000100      84925 |    -1.96 |  130041.75 +/-   23009.57

011100
101010
110001
100010
010100
001000       1419 |    -2.02 |    3100.56 +/-     831.28

011001
100110
100110
011000
011000
100000        266 |    -2.05 |    1469.69 +/-     588.57

011100
101010
110001
100000
010000
001000      16253 |    -2.05 |   54923.26 +/-   18877.73

011010
100101
100100
011000
100001
010010        151 |    -2.75 |     641.89 +/-     178.67

011011
101100
110000
010000
100000
100000     141271 |    -2.80 |  416270.50 +/-   98145.65

011011
100110
100100
011000
110000
100000       5211 |    -2.86 |   16131.80 +/-    3824.34

011000
100100
100011
010010
001100
001000      10968 |    -3.33 |   24747.90 +/-    4139.94

011000
100111
100100
011000
010000
010000      35563 |    -3.41 |   78476.04 +/-   12600.76

011111
100000
100000
100000
100000
100000     696327 |    -3.50 |  854514.28 +/-   45168.39

011000
100100
100010
010001
001001
000110        652 |    -3.66 |    1491.27 +/-     229.11

011000
100110
100100
011000
010001
000010       9531 |    -3.99 |   24239.24 +/-    3684.69

011010
100101
100100
011000
100000
010000      11648 |    -4.23 |   65069.83 +/-   12627.37

011100
100011
100000
100000
010000
010000     187252 |    -4.87 |  763471.73 +/-  118386.79

011000
100100
100011
010000
001000
001000     650890 |    -5.00 | 1052252.21 +/-   80295.21

011000
100100
100010
010001
001000
000100     192631 |    -6.09 |  349173.25 +/-   25695.98

011100
100010
100001
100000
010000
001000     305417 |    -8.53 | 1041141.62 +/-   86224.66

011110
100001
100000
100000
100000
010000     922559 |    -8.87 | 2254265.11 +/-  150095.22

011001
100110
100110
011001
011001
100110          0 |     -nan |       0.00 +/-       0.00

011110
101101
110011
110011
101101
011110          0 |     -nan |       0.00 +/-       0.00

011111
101110
110110
111010
111100
100000          0 |     -nan |       0.00 +/-       0.00

011111
101111
110110
111001
111001
110110          0 |     -nan |       0.00 +/-       0.00

011111
101111
110110
111010
111100
110000          0 |     -nan |       0.00 +/-       0.00

011111
101111
110111
111010
111100
111000          0 |     -nan |       0.00 +/-       0.00

011111
101111
110111
111011
111100
111100          0 |     -nan |       0.00 +/-       0.00

011111
101111
110111
111011
111101
111110          0 |     -nan |       0.00 +/-       0.00

