gtrieScanner Results
------------------------------------------
General Information

Start of Computation: 06h23m12s 08/04/2013
End of Computation: 06h23m17s 08/04/2013

Subgraph Size: 4
Graph File: "cat-el.csv"
Directed: YES
Nr Nodes: 52
Nr Edges: 818

Method: ESU on original network
Different Types of Subgraphs Found [Original Network]: 196
Subgraph Occurrences Found [Original Network]: 86238
Time for computing census on original network: 0.056420s
Average time for census on random network: 0.046953s

Number of random networks: 100
Random seed: 1365416592
Exchanges per edge: 3
Number of tries per exchange: 10
------------------------------------------
Motif Analysis Results

Graph   Org_Freq |  Z-score |    Rnd_Avg +/-    Rnd_Dev

0111
1011
1101
1110         736 |    61.05 |      25.29 +/-      11.64

0111
1010
1100
1000        3731 |    49.62 |     324.49 +/-      68.66

0111
1011
1100
1100        1438 |    45.79 |     104.90 +/-      29.11

0110
1001
1000
0100        3380 |    41.19 |     334.70 +/-      73.94

0100
1000
1001
0010        4078 |    24.61 |     704.71 +/-     137.07

0111
1010
1100
0000        2835 |    23.50 |     595.83 +/-      95.27

0111
1011
1101
1100        1186 |    21.10 |     213.56 +/-      46.10

0110
1010
0001
0010         923 |    17.45 |     248.25 +/-      38.68

0110
1011
1000
0100        2144 |    17.27 |     565.73 +/-      91.38

0111
1011
1100
1000        1687 |    17.14 |     449.35 +/-      72.21

0110
1010
1100
1000        1692 |    16.80 |     436.56 +/-      74.75

0111
1011
1101
0000         302 |    15.43 |      70.16 +/-      15.03

0111
1011
1101
1000         563 |    14.84 |     182.63 +/-      25.63

0111
1011
1100
0000        1027 |    14.35 |     336.64 +/-      48.12

0111
1010
1100
1100        1316 |    14.05 |     405.28 +/-      64.81

0110
1001
1100
0100        1534 |    12.41 |     539.77 +/-      80.14

0110
1001
1001
0110         153 |    11.75 |      25.25 +/-      10.87

0110
1001
1000
0000        3670 |    10.41 |    1590.62 +/-     199.67

0111
1000
1000
1000        1084 |    10.32 |     322.59 +/-      73.76

0111
1010
1100
1110         387 |     9.03 |     175.13 +/-      23.47

0100
1000
1101
0010         656 |     8.73 |     273.04 +/-      43.85

0110
1011
1001
0110         301 |     5.58 |     129.65 +/-      30.71

0111
1000
1000
0000        2391 |     5.20 |    1467.64 +/-     177.47

0110
1001
1001
0100         616 |     4.81 |     291.06 +/-      67.54

0111
1010
1000
1000        1439 |     4.30 |     866.20 +/-     133.28

0110
1000
1000
0100        1880 |     4.05 |    1231.71 +/-     160.26

0110
1010
1100
1100         347 |     4.01 |     220.94 +/-      31.41

0110
1011
1000
0110         438 |     3.83 |     293.48 +/-      37.74

0110
1000
1000
1000        1659 |     3.50 |    1160.34 +/-     142.43

0111
1001
1000
0000        1235 |     2.13 |    1048.22 +/-      87.71

0111
1001
1100
0100         507 |     2.11 |     400.17 +/-      50.61

0110
1011
1000
0000        1378 |     1.62 |    1195.06 +/-     113.25

0111
1011
0001
0010          84 |     1.49 |      64.13 +/-      13.36

0110
1010
1100
1110          65 |     1.07 |      52.00 +/-      12.14

0110
1000
0101
0010         538 |     0.81 |     484.24 +/-      66.46

0110
1000
1100
0100         837 |     0.31 |     814.08 +/-      74.29

0100
1000
1001
0000        1913 |     0.09 |    1900.42 +/-     137.37

0111
1011
1001
0110         139 |    -0.16 |     144.24 +/-      32.49

0110
1001
1101
0100         303 |    -0.40 |     321.67 +/-      46.44

0111
1011
1000
0100         204 |    -0.50 |     219.44 +/-      30.85

0111
1010
0001
0010         309 |    -0.52 |     328.61 +/-      37.98

0111
1011
1100
1010         326 |    -0.59 |     348.72 +/-      38.63

0100
1000
1000
0010        1501 |    -0.64 |    1568.19 +/-     104.51

0111
1010
1100
0100         499 |    -0.70 |     550.01 +/-      73.16

0110
1001
0001
0010         151 |    -0.76 |     175.36 +/-      32.06

0110
1010
1000
0100         769 |    -0.84 |     832.57 +/-      75.54

0111
1011
1000
1000         227 |    -1.14 |     267.77 +/-      35.67

0110
1001
1100
0000         956 |    -1.15 |    1070.82 +/-      99.94

0110
1010
0001
0000         509 |    -1.17 |     569.88 +/-      52.15

0110
1001
1001
0000         224 |    -1.23 |     273.23 +/-      40.14

0111
1000
1100
1100         187 |    -1.43 |     224.23 +/-      25.95

0110
1001
1100
1100         134 |    -1.95 |     183.75 +/-      25.53

0111
1001
1001
0000         158 |    -1.98 |     209.88 +/-      26.25

0100
1001
1001
0010         113 |    -2.01 |     175.60 +/-      31.15

0110
1001
1000
0010         336 |    -2.04 |     477.19 +/-      69.11

0111
1001
1101
0100         222 |    -2.05 |     288.75 +/-      32.60

0111
1001
1100
1000         353 |    -2.32 |     469.68 +/-      50.38

0110
1000
1000
0110         121 |    -2.70 |     220.03 +/-      36.73

0111
1010
1000
0000        1129 |    -2.78 |    1470.80 +/-     123.04

0111
1011
1100
0010         104 |    -2.79 |     191.81 +/-      31.49

0111
1011
0000
0000         163 |    -2.89 |     271.55 +/-      37.52

0110
1001
1100
0110         170 |    -2.98 |     281.33 +/-      37.36

0110
1010
0000
0010         314 |    -3.02 |     466.78 +/-      50.55

0101
1000
1100
1000         540 |    -3.58 |     821.10 +/-      78.43

0110
1001
0000
0000        1200 |    -3.60 |    1664.39 +/-     129.13

0110
1001
0101
1010           3 |    -3.92 |      53.21 +/-      12.82

0100
1000
1101
1100          21 |    -3.92 |     152.18 +/-      33.48

0101
1000
1101
1000          94 |    -3.96 |     211.06 +/-      29.55

0111
0011
0001
0000           5 |    -4.05 |     399.89 +/-      97.55

0111
0001
0100
0010           2 |    -4.07 |     123.65 +/-      29.89

0100
1000
1000
1000         982 |    -4.17 |    1458.91 +/-     114.31

0100
1000
1100
1100          50 |    -4.21 |     130.43 +/-      19.08

0110
1000
0000
0010        1213 |    -4.25 |    1763.06 +/-     129.57

0111
1011
0001
0000          34 |    -4.33 |     190.03 +/-      36.02

0100
1000
1101
0000         364 |    -4.35 |     638.61 +/-      63.18

0110
1010
1000
1000         701 |    -4.39 |    1099.14 +/-      90.63

0101
1001
1101
0010          22 |    -4.50 |     117.96 +/-      21.31

0110
1011
1001
0100         140 |    -4.56 |     304.49 +/-      36.04

0110
1010
0001
1010         126 |    -4.57 |     284.75 +/-      34.73

0111
1010
1100
0110          59 |    -4.57 |     170.02 +/-      24.28

0111
1011
1001
0100         123 |    -4.59 |     272.78 +/-      32.64

0110
1000
0001
0000        1322 |    -4.74 |    2009.08 +/-     144.82

0101
1000
1101
0100          25 |    -4.87 |     313.58 +/-      59.23

0101
1001
1100
0010           1 |    -4.93 |     145.53 +/-      29.32

0101
1001
1101
0000          20 |    -5.10 |     165.56 +/-      28.55

0111
1011
1001
1000         138 |    -5.20 |     339.87 +/-      38.81

0111
1001
0101
0010          30 |    -5.23 |     234.14 +/-      39.05

0100
1000
1100
0010         219 |    -5.25 |     447.51 +/-      43.49

0111
1001
0100
0010          13 |    -5.29 |     323.57 +/-      58.71

0110
1010
1000
1110          54 |    -5.30 |     291.96 +/-      44.87

0111
1000
0101
0100           8 |    -5.33 |     320.64 +/-      58.68

0111
1000
1000
0100         436 |    -5.44 |     917.58 +/-      88.54

0111
1011
1001
0000         132 |    -5.61 |     356.24 +/-      40.01

0101
1001
1100
0000         113 |    -5.62 |     351.74 +/-      42.50

0100
0000
1100
1100           8 |    -5.65 |     311.21 +/-      53.68

0011
1000
0100
0100           6 |    -5.65 |     343.84 +/-      59.77

0101
1000
1100
0110           4 |    -5.66 |     281.42 +/-      48.98

0111
1011
1000
0000         475 |    -5.68 |     719.97 +/-      43.10

0101
1010
1001
0010          61 |    -5.75 |     287.88 +/-      39.49

0111
1001
0101
0000           8 |    -5.76 |     341.91 +/-      57.98

0101
1010
1000
1000         440 |    -5.81 |     911.01 +/-      81.13

0111
1001
1100
1010          21 |    -5.81 |     101.65 +/-      13.89

0101
0001
1100
0000          11 |    -5.96 |     731.11 +/-     120.75

0111
1001
1100
0000         305 |    -6.05 |     645.74 +/-      56.34

0001
1000
1100
0100           2 |    -6.08 |     631.84 +/-     103.65

0010
1001
0100
1000          11 |    -6.08 |     691.41 +/-     111.91

0110
1001
1101
1100          89 |    -6.24 |     266.96 +/-      28.50

0011
1001
0100
0000           5 |    -6.25 |     802.18 +/-     127.64

0101
0000
1100
0100          10 |    -6.31 |     678.04 +/-     105.94

0110
1001
1001
1000          38 |    -6.36 |     189.83 +/-      23.86

0111
1000
0101
1000          19 |    -6.39 |     206.45 +/-      29.34

0111
1000
0101
0010          63 |    -6.54 |     327.59 +/-      40.47

0111
1000
0000
0000        1424 |    -6.60 |    2501.09 +/-     163.16

0111
0000
0100
0100          13 |    -6.61 |     402.10 +/-      58.89

0000
1001
1001
0000          39 |    -6.62 |     336.09 +/-      44.85

0111
0001
0100
0000          35 |    -6.68 |     878.63 +/-     126.24

0110
1001
0100
1000          13 |    -6.74 |     341.76 +/-      48.78

0111
0011
0000
0000          17 |    -6.83 |     506.32 +/-      71.61

0111
1010
1000
0110          14 |    -6.90 |     293.27 +/-      40.45

0111
1001
1000
0010         140 |    -7.02 |     403.61 +/-      37.55

0111
1001
1100
0110          54 |    -7.09 |     260.16 +/-      29.06

0111
1000
0100
0100          28 |    -7.13 |     375.05 +/-      48.68

0111
1001
0100
0000          83 |    -7.44 |     869.98 +/-     105.78

0000
1000
1000
1000         154 |    -7.49 |     732.23 +/-      77.25

0100
0001
1000
0010           6 |    -7.53 |     298.19 +/-      38.81

0111
1011
1000
0010          73 |    -7.67 |     331.83 +/-      33.73

0110
1011
1001
1000          22 |    -7.70 |     316.61 +/-      38.27

0110
1001
1100
1010          10 |    -7.78 |     277.10 +/-      34.35

0110
1000
0100
1010          42 |    -7.93 |     440.21 +/-      50.22

0110
1010
0001
1000          36 |    -7.97 |     474.87 +/-      55.06

0101
1000
1100
0100          72 |    -7.99 |     601.60 +/-      66.26

0100
1000
1001
0100         145 |    -8.05 |     647.50 +/-      62.46

0111
1010
0001
0000         150 |    -8.08 |     611.33 +/-      57.12

0110
0010
0000
1000          80 |    -8.10 |    1798.76 +/-     212.25

0100
1000
1100
1010          37 |    -8.12 |     440.01 +/-      49.62

0001
1010
1000
0000         112 |    -8.20 |    1876.28 +/-     215.03

0111
1001
1100
0010          29 |    -8.28 |     300.72 +/-      32.80

0110
1011
1000
1010          27 |    -8.30 |     308.65 +/-      33.94

0010
1000
0100
1000          58 |    -8.35 |    1559.75 +/-     179.92

0101
1000
1000
0000        1805 |    -8.36 |    3657.24 +/-     221.69

0110
1010
1000
0110          76 |    -8.36 |     351.48 +/-      32.96

0110
0001
0001
0000          78 |    -8.38 |     639.05 +/-      66.97

0110
1010
1000
1100         139 |    -8.43 |     473.22 +/-      39.66

0101
1010
1000
0010          24 |    -8.49 |     474.87 +/-      53.12

0100
1000
1101
1000          94 |    -8.50 |     534.53 +/-      51.86

0100
1000
1000
0100         279 |    -8.51 |    1007.34 +/-      85.60

0100
1010
1001
1000          35 |    -8.54 |     483.20 +/-      52.47

0101
1000
1101
0000          72 |    -8.60 |     614.07 +/-      63.04

0010
1001
0001
0000          79 |    -8.72 |    1268.24 +/-     136.37

0110
1011
1001
0000         156 |    -8.78 |     513.71 +/-      40.74

0101
1000
1100
0010          25 |    -8.80 |     482.51 +/-      51.96

0110
1000
1100
1100         141 |    -8.87 |     456.00 +/-      35.53

0011
1000
0100
0000          54 |    -8.88 |    2028.50 +/-     222.26

0101
1010
1001
1000          78 |    -8.89 |     388.19 +/-      34.88

0110
1010
0000
1010          63 |    -8.91 |     454.82 +/-      43.96

0111
1000
1100
0100         129 |    -8.91 |     555.00 +/-      47.79

0000
1010
1000
1000         117 |    -8.92 |    1548.99 +/-     160.51

0111
0000
0000
0000         245 |    -9.02 |    1574.61 +/-     147.48

0110
1011
1000
0010         141 |    -9.08 |     436.56 +/-      32.55

0110
1000
0101
1000          10 |    -9.10 |     483.98 +/-      52.09

0100
1010
1000
1010          26 |    -9.22 |     430.74 +/-      43.89

0101
1010
1001
0000          28 |    -9.30 |     554.16 +/-      56.56

0110
1010
0000
1000         422 |    -9.35 |    1415.84 +/-     106.34

0111
0010
0000
0000         224 |    -9.40 |    2534.07 +/-     245.84

0010
1010
0000
1000          71 |    -9.40 |    1657.76 +/-     168.79

0110
1001
0001
0000         241 |    -9.44 |     784.60 +/-      57.61

0111
1010
0000
0010          82 |    -9.58 |     560.70 +/-      49.97

0100
1001
1000
0000        1021 |    -9.65 |    2607.21 +/-     164.29

0111
1000
0101
0000          25 |    -9.68 |     612.57 +/-      60.70

0111
1010
0000
0000         983 |    -9.74 |    1984.15 +/-     102.78

0011
1000
0000
0000         389 |    -9.90 |    3377.51 +/-     301.97

0001
1000
1000
0000         417 |    -9.99 |    2636.49 +/-     222.25

0011
1010
0000
0000         111 |   -10.02 |    2170.66 +/-     205.56

0111
1000
0001
0000         317 |   -10.20 |    1207.24 +/-      87.31

0100
1000
1001
1000         258 |   -10.20 |     921.48 +/-      65.04

0111
1000
0100
0010          32 |   -10.26 |     534.05 +/-      48.94

0110
1001
1100
0010          52 |   -10.33 |     396.86 +/-      33.38

0101
1000
1001
0000         227 |   -10.45 |    1027.51 +/-      76.63

0110
1000
0100
0010         233 |   -10.53 |     878.62 +/-      61.32

0110
1000
0101
0000         246 |   -10.63 |    1149.66 +/-      84.98

0100
1001
1001
0000         121 |   -10.69 |     730.33 +/-      57.02

0110
1011
1000
1000         150 |   -11.06 |     607.05 +/-      41.34

0000
1000
1000
0100         524 |   -11.31 |    3474.62 +/-     260.79

0100
1010
1000
1000         226 |   -11.40 |    1249.05 +/-      89.78

0101
1000
1100
0000         354 |   -11.44 |    1464.72 +/-      97.07

0100
1001
1000
0010          90 |   -11.52 |     691.75 +/-      52.25

0110
1001
1100
1000         111 |   -11.68 |     538.65 +/-      36.61

0101
1000
1000
0010         133 |   -11.90 |     975.67 +/-      70.81

0100
0001
1000
0000         419 |   -12.82 |    3923.70 +/-     273.42

0100
1000
1100
1000         339 |   -12.88 |    1134.13 +/-      61.76

0111
1010
1000
0100          81 |   -13.09 |     567.23 +/-      37.14

0110
1000
0100
1000         137 |   -13.37 |    1245.70 +/-      82.90

0101
1010
1000
0000         279 |   -13.69 |    1602.53 +/-      96.69

0000
1001
1000
0000         532 |   -13.69 |    4217.35 +/-     269.13

0010
1001
0000
0000         790 |   -15.02 |    4756.86 +/-     264.03

0111
1000
0100
0000         257 |   -15.45 |    1743.98 +/-      96.27

